0    2    26.40075756488817                                     0.0
2    2    0.0                                     0.0
3    2    35.35533905932738                                     0.0
4    2    39.0                                     0.0
5    2    40.44749683231337                                     0.0
6    2    14.0                                     0.0
7    2    5.0                                     0.0
8    2    10.295630140987                                     0.0
9    2    36.138621999185304                                     0.0
10    2    46.09772228646444                                     0.0
11    2    25.0                                     0.0
12    2    37.64306044943742                                     0.0
13    2    45.35416188179427                                     0.0
14    2    5.0990195135927845                                     0.0
15    2    14.142135623730951                                     0.0
16    2    38.948684188300895                                     0.0
17    2    63.655321851358195                                     0.0
18    2    20.024984394500787                                     0.0
19    2    4.0                                     0.0
20    2    16.0                                     0.0
21    2    35.805027579936315                                     0.0
22    2    39.44616584663204                                     0.0
23    2    37.107950630558946                                     0.0
24    2    60.207972893961475                                     0.0
25    2    46.09772228646444                                     0.0
26    2    45.34313619501854                                     0.0
27    2    46.09772228646444                                     0.0
28    2    62.64982043070834                                     0.0
29    2    32.202484376209235                                     0.0
30    2    53.150729063673246                                     0.0
31    2    62.625873247404705                                     0.0
32    2    50.35871324805669                                     0.0
33    2    26.870057685088806                                     0.0
2    0    26.40075756488817                                     0.0
3    0    60.802960454241045                                     0.0
4    0    61.07372593840988                                     0.0
5    0    59.16924876994806                                     0.0
6    0    34.655446902326915                                     0.0
7    0    31.016124838541646                                     0.0
8    0    36.6742416417845                                     0.0
9    0    56.61271941887264                                     0.0
10    0    71.84705978674423                                     0.0
11    0    12.727922061357855                                     0.0
12    0    43.01162633521314                                     0.0
13    0    35.4682957019364                                     0.0
14    0    28.0178514522438                                     0.0
15    0    14.035668847618199                                     0.0
16    0    64.63745044476924                                     0.0
17    0    39.66106403010388                                     0.0
18    0    24.698178070456937                                     0.0
19    0    30.083217912982647                                     0.0
20    0    41.48493702538308                                     0.0
21    0    61.91122676865643                                     0.0
22    0    23.345235059857504                                     0.0
23    0    49.33558553417604                                     0.0
24    0    55.154328932550705                                     0.0
25    0    42.44997055358225                                     0.0
26    0    21.470910553583888                                     0.0
27    0    57.723478758647246                                     0.0
28    0    36.359317925395686                                     0.0
29    0    5.830951894845301                                     0.0
30    0    68.35202996254024                                     0.0
31    0    37.53664875824692                                     0.0
32    0    31.064449134018133                                     0.0
33    0    9.433981132056603                                     0.0
2    3    35.35533905932738                                     0.0
0    3    60.802960454241045                                     0.0
3    3    0.0                                     0.0
4    3    14.866068747318506                                     0.0
5    3    24.20743687382041                                     0.0
6    3    27.313000567495326                                     0.0
7    3    32.01562118716424                                     0.0
8    3    25.612496949731394                                     0.0
9    3    18.867962264113206                                     0.0
10    3    11.180339887498949                                     0.0
11    3    60.207972893961475                                     0.0
12    3    62.5859409132754                                     0.0
13    3    77.82673062643708                                     0.0
14    3    32.802438933713454                                     0.0
15    3    49.49747468305833                                     0.0
16    3    4.123105625617661                                     0.0
17    3    99.00505037623081                                     0.0
18    3    51.97114584074513                                     0.0
19    3    32.64965543462902                                     0.0
20    3    26.570660511172846                                     0.0
21    3    5.656854249492381                                     0.0
22    3    74.2024258363566                                     0.0
23    3    35.73513677041127                                     0.0
24    3    71.58910531638176                                     0.0
25    3    60.207972893961475                                     0.0
26    3    80.65977932030313                                     0.0
27    3    40.311288741492746                                     0.0
28    3    97.082439194738                                     0.0
29    3    66.61080993352356                                     0.0
30    3    61.84658438426491                                     0.0
31    3    97.83659846908007                                     0.0
32    3    77.3692445355388                                     0.0
33    3    62.22539674441618                                     0.0
2    4    39.0                                     0.0
3    4    14.866068747318506                                     0.0
0    4    61.07372593840988                                     0.0
4    4    0.0                                     0.0
5    4    9.848857801796104                                     0.0
6    4    26.627053911388696                                     0.0
7    4    37.36308338453881                                     0.0
8    4    31.575306807693888                                     0.0
9    4    6.082762530298219                                     0.0
10    4    20.8806130178211                                     0.0
11    4    63.52952069707436                                     0.0
12    4    72.11102550927978                                     0.0
13    4    84.11896337925236                                     0.0
14    4    34.88552708502482                                     0.0
15    4    52.354560450833695                                     0.0
16    4    17.204650534085253                                     0.0
17    4    100.60318086422517                                     0.0
18    4    58.240879114244144                                     0.0
19    4    37.64306044943742                                     0.0
20    4    36.013886210738214                                     0.0
21    4    20.518284528683193                                     0.0
22    4    78.26237921249263                                     0.0
23    4    24.0                                     0.0
24    4    60.13318551349163                                     0.0
25    4    50.35871324805669                                     0.0
26    4    82.20097323024831                                     0.0
27    4    26.570660511172846                                     0.0
28    4    96.20810776644555                                     0.0
29    4    66.60330322138685                                     0.0
30    4    75.27283706623525                                     0.0
31    4    98.59513172565875                                     0.0
32    4    71.58910531638176                                     0.0
33    4    64.66065264130884                                     0.0
2    5    40.44749683231337                                     0.0
3    5    24.20743687382041                                     0.0
4    5    9.848857801796104                                     0.0
0    5    59.16924876994806                                     0.0
5    5    0.0                                     0.0
6    5    26.68332812825267                                     0.0
7    5    40.01249804748511                                     0.0
8    5    35.12833614050059                                     0.0
9    5    5.830951894845301                                     0.0
10    5    30.675723300355934                                     0.0
11    5    63.56886030125127                                     0.0
12    5    76.16429609731846                                     0.0
13    5    85.70297544426332                                     0.0
14    5    35.6931365951495                                     0.0
15    5    52.49761899362675                                     0.0
16    5    26.92582403567252                                     0.0
17    5    98.79271228182775                                     0.0
18    5    60.40695324215582                                     0.0
19    5    40.049968789001575                                     0.0
20    5    41.23105625617661                                     0.0
21    5    29.832867780352597                                     0.0
22    5    78.43468620451031                                     0.0
23    5    15.524174696260024                                     0.0
24    5    51.0                                     0.0
25    5    42.20189569201838                                     0.0
26    5    80.62257748298549                                     0.0
27    5    16.76305461424021                                     0.0
28    5    92.84934033152847                                     0.0
29    5    64.35060217278468                                     0.0
30    5    82.34682750416071                                     0.0
31    5    96.26006440887103                                     0.0
32    5    65.5133574166368                                     0.0
33    5    64.07807737440318                                     0.0
2    6    14.0                                     0.0
3    6    27.313000567495326                                     0.0
4    6    26.627053911388696                                     0.0
5    6    26.68332812825267                                     0.0
0    6    34.655446902326915                                     0.0
6    6    0.0                                     0.0
7    6    14.866068747318506                                     0.0
8    6    12.727922061357855                                     0.0
9    6    22.847319317591726                                     0.0
10    6    38.48376280978771                                     0.0
11    6    37.16180835212409                                     0.0
12    6    51.19570294468082                                     0.0
13    6    59.033888572581766                                     0.0
14    6    9.055385138137417                                     0.0
15    6    26.0                                     0.0
16    6    31.38470965295043                                     0.0
17    6    74.02702209328699                                     0.0
18    6    34.0147027033899                                     0.0
19    6    14.560219778561036                                     0.0
20    6    21.2602916254693                                     0.0
21    6    29.832867780352597                                     0.0
22    6    52.0                                     0.0
23    6    23.769728648009426                                     0.0
24    6    51.97114584074513                                     0.0
25    6    38.48376280978771                                     0.0
26    6    55.60575509783138                                     0.0
27    6    32.57299494980466                                     0.0
28    6    70.43436661176133                                     0.0
29    6    40.311288741492746                                     0.0
30    6    63.25345840347388                                     0.0
31    6    72.18032973047436                                     0.0
32    6    50.635955604688654                                     0.0
33    6    38.07886552931954                                     0.0
2    7    5.0                                     0.0
3    7    32.01562118716424                                     0.0
4    7    37.36308338453881                                     0.0
5    7    40.01249804748511                                     0.0
6    7    14.866068747318506                                     0.0
0    7    31.016124838541646                                     0.0
7    7    0.0                                     0.0
8    7    6.4031242374328485                                     0.0
9    7    35.22782990761707                                     0.0
10    7    42.42640687119285                                     0.0
11    7    28.284271247461902                                     0.0
12    7    36.49657518178932                                     0.0
13    7    46.8187996428785                                     0.0
14    7    7.810249675906654                                     0.0
15    7    18.027756377319946                                     0.0
16    7    35.38361202590826                                     0.0
17    7    67.35725647619564                                     0.0
18    7    20.8806130178211                                     0.0
19    7    1.0                                     0.0
20    7    11.0                                     0.0
21    7    31.89043743820395                                     0.0
22    7    42.20189569201838                                     0.0
23    7    38.62641583165593                                     0.0
24    7    64.03124237432849                                     0.0
25    7    50.0                                     0.0
26    7    49.20365840057018                                     0.0
27    7    47.43416490252569                                     0.0
28    7    67.08203932499369                                     0.0
29    7    36.76955262170047                                     0.0
30    7    49.49747468305833                                     0.0
31    7    66.61080993352356                                     0.0
32    7    55.326304774492215                                     0.0
33    7    30.610455730027933                                     0.0
2    8    10.295630140987                                     0.0
3    8    25.612496949731394                                     0.0
4    8    31.575306807693888                                     0.0
5    8    35.12833614050059                                     0.0
6    8    12.727922061357855                                     0.0
7    8    6.4031242374328485                                     0.0
0    8    36.6742416417845                                     0.0
8    8    0.0                                     0.0
9    8    30.0                                     0.0
10    8    36.069377593742864                                     0.0
11    8    34.655446902326915                                     0.0
12    8    41.048751503547585                                     0.0
13    8    52.92447448959697                                     0.0
14    8    10.0                                     0.0
15    8    24.20743687382041                                     0.0
16    8    29.0                                     0.0
17    8    73.66138744281159                                     0.0
18    8    26.92582403567252                                     0.0
19    8    7.0710678118654755                                     0.0
20    8    8.602325267042627                                     0.0
21    8    25.612496949731394                                     0.0
22    8    48.60041152089147                                     0.0
23    8    35.84689665786984                                     0.0
24    8    64.35060217278468                                     0.0
25    8    50.60632371551998                                     0.0
26    8    55.44366510251645                                     0.0
27    8    44.28317965096906                                     0.0
28    8    72.94518489934754                                     0.0
29    8    42.485291572496                                     0.0
30    8    50.60632371551998                                     0.0
31    8    72.80109889280519                                     0.0
32    8    59.00847396772772                                     0.0
33    8    36.87817782917155                                     0.0
2    9    36.138621999185304                                     0.0
3    9    18.867962264113206                                     0.0
4    9    6.082762530298219                                     0.0
5    9    5.830951894845301                                     0.0
6    9    22.847319317591726                                     0.0
7    9    35.22782990761707                                     0.0
8    9    30.0                                     0.0
0    9    56.61271941887264                                     0.0
9    9    0.0                                     0.0
10    9    26.476404589747453                                     0.0
11    9    60.00833275470999                                     0.0
12    9    71.02816342831905                                     0.0
13    9    81.49233092751734                                     0.0
14    9    31.622776601683793                                     0.0
15    9    48.84669896727925                                     0.0
16    9    21.93171219946131                                     0.0
17    9    96.26006440887103                                     0.0
18    9    55.90169943749474                                     0.0
19    9    35.35533905932738                                     0.0
20    9    35.6931365951495                                     0.0
21    9    24.413111231467404                                     0.0
22    9    74.84650960465692                                     0.0
23    9    18.027756377319946                                     0.0
24    9    54.230987451824994                                     0.0
25    9    44.28317965096906                                     0.0
26    9    77.93587107359485                                     0.0
27    9    21.470910553583888                                     0.0
28    9    91.21951545584969                                     0.0
29    9    62.00806399170998                                     0.0
30    9    76.55716818169282                                     0.0
31    9    94.02127418834527                                     0.0
32    9    65.7419196555744                                     0.0
33    9    60.8276253029822                                     0.0
2    10    46.09772228646444                                     0.0
3    10    11.180339887498949                                     0.0
4    10    20.8806130178211                                     0.0
5    10    30.675723300355934                                     0.0
6    10    38.48376280978771                                     0.0
7    10    42.42640687119285                                     0.0
8    10    36.069377593742864                                     0.0
9    10    26.476404589747453                                     0.0
0    10    71.84705978674423                                     0.0
10    10    0.0                                     0.0
11    10    70.71067811865476                                     0.0
12    10    70.22819946431775                                     0.0
13    10    87.13208364316786                                     0.0
14    10    43.829214001622255                                     0.0
15    10    60.207972893961475                                     0.0
16    10    7.211102550927978                                     0.0
17    10    109.71326264403953                                     0.0
18    10    61.61168720299745                                     0.0
19    10    43.139309220245984                                     0.0
20    10    35.510561809129406                                     0.0
21    10    10.816653826391969                                     0.0
22    10    84.38601779915912                                     0.0
23    10    44.40720662234904                                     0.0
24    10    80.62257748298549                                     0.0
25    10    70.0                                     0.0
26    10    91.43850392476902                                     0.0
27    10    47.43416490252569                                     0.0
28    10    108.16653826391968                                     0.0
29    10    77.6659513557904                                     0.0
30    10    65.19202405202648                                     0.0
31    10    108.70602559196064                                     0.0
32    10    88.32326986700618                                     0.0
33    10    72.91776189653656                                     0.0
2    11    25.0                                     0.0
3    11    60.207972893961475                                     0.0
4    11    63.52952069707436                                     0.0
5    11    63.56886030125127                                     0.0
6    11    37.16180835212409                                     0.0
7    11    28.284271247461902                                     0.0
8    11    34.655446902326915                                     0.0
9    11    60.00833275470999                                     0.0
10    11    70.71067811865476                                     0.0
0    11    12.727922061357855                                     0.0
11    11    0.0                                     0.0
12    11    30.528675044947494                                     0.0
13    11    24.331050121192877                                     0.0
14    11    28.653097563788805                                     0.0
15    11    11.180339887498949                                     0.0
16    11    63.655321851358195                                     0.0
17    11    39.20459156782532                                     0.0
18    11    14.0                                     0.0
19    11    27.586228448267445                                     0.0
20    11    36.89173349139343                                     0.0
21    11    60.14149981501958                                     0.0
22    11    14.866068747318506                                     0.0
23    11    56.32051136131489                                     0.0
24    11    67.08203932499369                                     0.0
25    11    53.85164807134504                                     0.0
26    11    21.470910553583888                                     0.0
27    11    65.19202405202648                                     0.0
28    11    41.23105625617661                                     0.0
29    11    15.231546211727817                                     0.0
30    11    57.0087712549569                                     0.0
31    11    38.948684188300895                                     0.0
32    11    43.60045871318328                                     0.0
33    11    4.123105625617661                                     0.0
2    12    37.64306044943742                                     0.0
3    12    62.5859409132754                                     0.0
4    12    72.11102550927978                                     0.0
5    12    76.16429609731846                                     0.0
6    12    51.19570294468082                                     0.0
7    12    36.49657518178932                                     0.0
8    12    41.048751503547585                                     0.0
9    12    71.02816342831905                                     0.0
10    12    70.22819946431775                                     0.0
11    12    30.528675044947494                                     0.0
0    12    43.01162633521314                                     0.0
12    12    0.0                                     0.0
13    12    23.40939982143925                                     0.0
14    12    42.720018726587654                                     0.0
15    12    33.421549934136806                                     0.0
16    12    64.5600495662759                                     0.0
17    12    57.55866572463264                                     0.0
18    12    20.0                                     0.0
19    12    36.6742416417845                                     0.0
20    12    36.345563690772494                                     0.0
21    12    59.77457653551382                                     0.0
22    12    31.064449134018133                                     0.0
23    12    74.72616676907762                                     0.0
24    12    94.40338976964757                                     0.0
25    12    80.44874144447506                                     0.0
26    12    45.39823785126467                                     0.0
27    12    83.67795408588812                                     0.0
28    12    66.27216610312357                                     0.0
29    12    45.65084884205331                                     0.0
30    12    29.017236257093817                                     0.0
31    12    60.07495318350236                                     0.0
32    12    74.06078584514209                                     0.0
33    12    34.48187929913333                                     0.0
2    13    45.35416188179427                                     0.0
3    13    77.82673062643708                                     0.0
4    13    84.11896337925236                                     0.0
5    13    85.70297544426332                                     0.0
6    13    59.033888572581766                                     0.0
7    13    46.8187996428785                                     0.0
8    13    52.92447448959697                                     0.0
9    13    81.49233092751734                                     0.0
10    13    87.13208364316786                                     0.0
11    13    24.331050121192877                                     0.0
12    13    23.40939982143925                                     0.0
0    13    35.4682957019364                                     0.0
13    13    0.0                                     0.0
14    13    50.00999900019995                                     0.0
15    13    34.0147027033899                                     0.0
16    13    80.62257748298549                                     0.0
17    13    35.0                                     0.0
18    13    26.0                                     0.0
19    13    46.486557196677836                                     0.0
20    13    51.62363799656123                                     0.0
21    13    76.32168761236873                                     0.0
22    13    13.45362404707371                                     0.0
23    13    80.02499609497022                                     0.0
24    13    90.62008607367353                                     0.0
25    13    77.79460135510689                                     0.0
26    13    26.92582403567252                                     0.0
27    13    89.00561780022652                                     0.0
28    13    46.17358552246078                                     0.0
29    13    34.9857113690718                                     0.0
30    13    51.78802950489621                                     0.0
31    13    38.3275357934736                                     0.0
32    13    63.41135544995076                                     0.0
33    13    26.248809496813376                                     0.0
2    14    5.0990195135927845                                     0.0
3    14    32.802438933713454                                     0.0
4    14    34.88552708502482                                     0.0
5    14    35.6931365951495                                     0.0
6    14    9.055385138137417                                     0.0
7    14    7.810249675906654                                     0.0
8    14    10.0                                     0.0
9    14    31.622776601683793                                     0.0
10    14    43.829214001622255                                     0.0
11    14    28.653097563788805                                     0.0
12    14    42.720018726587654                                     0.0
13    14    50.00999900019995                                     0.0
0    14    28.0178514522438                                     0.0
14    14    0.0                                     0.0
15    14    17.4928556845359                                     0.0
16    14    36.61966684720111                                     0.0
17    14    66.52818951391959                                     0.0
18    14    25.0                                     0.0
19    14    7.0710678118654755                                     0.0
20    14    17.72004514666935                                     0.0
21    14    34.0                                     0.0
22    14    43.382023926967726                                     0.0
23    14    32.01562118716424                                     0.0
24    14    56.22277118748239                                     0.0
25    14    42.20189569201838                                     0.0
26    14    48.104053883222775                                     0.0
27    14    41.0                                     0.0
28    14    64.35060217278468                                     0.0
29    14    33.83784863137726                                     0.0
30    14    57.28001396647874                                     0.0
31    14    65.11528238439882                                     0.0
32    14    49.01020301937138                                     0.0
33    14    30.0                                     0.0
2    15    14.142135623730951                                     0.0
3    15    49.49747468305833                                     0.0
4    15    52.354560450833695                                     0.0
5    15    52.49761899362675                                     0.0
6    15    26.0                                     0.0
7    15    18.027756377319946                                     0.0
8    15    24.20743687382041                                     0.0
9    15    48.84669896727925                                     0.0
10    15    60.207972893961475                                     0.0
11    15    11.180339887498949                                     0.0
12    15    33.421549934136806                                     0.0
13    15    34.0147027033899                                     0.0
14    15    17.4928556845359                                     0.0
0    15    14.035668847618199                                     0.0
15    15    0.0                                     0.0
16    15    53.075418038862395                                     0.0
17    15    49.51767361255979                                     0.0
18    15    13.45362404707371                                     0.0
19    15    17.204650534085253                                     0.0
20    15    27.85677655436824                                     0.0
21    15    49.8196748283246                                     0.0
22    15    26.0                                     0.0
23    15    46.010868281309364                                     0.0
24    15    61.032778078668514                                     0.0
25    15    47.16990566028302                                     0.0
26    15    31.240998703626616                                     0.0
27    15    55.0                                     0.0
28    15    49.24428900898052                                     0.0
29    15    19.4164878389476                                     0.0
30    15    55.90169943749474                                     0.0
31    15    48.60041152089147                                     0.0
32    15    43.08131845707603                                     0.0
33    15    12.727922061357855                                     0.0
2    16    38.948684188300895                                     0.0
3    16    4.123105625617661                                     0.0
4    16    17.204650534085253                                     0.0
5    16    26.92582403567252                                     0.0
6    16    31.38470965295043                                     0.0
7    16    35.38361202590826                                     0.0
8    16    29.0                                     0.0
9    16    21.93171219946131                                     0.0
10    16    7.211102550927978                                     0.0
11    16    63.655321851358195                                     0.0
12    16    64.5600495662759                                     0.0
13    16    80.62257748298549                                     0.0
14    16    36.61966684720111                                     0.0
15    16    53.075418038862395                                     0.0
0    16    64.63745044476924                                     0.0
16    16    0.0                                     0.0
17    16    102.59142264341595                                     0.0
18    16    54.91812087098393                                     0.0
19    16    36.069377593742864                                     0.0
20    16    29.068883707497267                                     0.0
21    16    5.0                                     0.0
22    16    77.46612162745726                                     0.0
23    16    39.293765408777                                     0.0
24    16    75.31268153505093                                     0.0
25    16    64.1248781675256                                     0.0
26    16    84.29116205154607                                     0.0
27    16    43.382023926967726                                     0.0
28    16    100.9554357129917                                     0.0
29    16    70.45565981523414                                     0.0
30    16    61.98386886924694                                     0.0
31    16    101.53324578678651                                     0.0
32    16    81.49233092751734                                     0.0
33    16    65.79513659838392                                     0.0
2    17    63.655321851358195                                     0.0
3    17    99.00505037623081                                     0.0
4    17    100.60318086422517                                     0.0
5    17    98.79271228182775                                     0.0
6    17    74.02702209328699                                     0.0
7    17    67.35725647619564                                     0.0
8    17    73.66138744281159                                     0.0
9    17    96.26006440887103                                     0.0
10    17    109.71326264403953                                     0.0
11    17    39.20459156782532                                     0.0
12    17    57.55866572463264                                     0.0
13    17    35.0                                     0.0
14    17    66.52818951391959                                     0.0
15    17    49.51767361255979                                     0.0
16    17    102.59142264341595                                     0.0
0    17    39.66106403010388                                     0.0
17    17    0.0                                     0.0
18    17    51.0                                     0.0
19    17    66.60330322138685                                     0.0
20    17    76.02631123499285                                     0.0
21    17    99.24716620639605                                     0.0
22    17    27.85677655436824                                     0.0
23    17    88.14193099768123                                     0.0
24    17    84.00595217006948                                     0.0
25    17    74.81310045707235                                     0.0
26    17    18.439088914585774                                     0.0
27    17    96.00520819205592                                     0.0
28    17    16.64331697709324                                     0.0
29    17    34.48187929913333                                     0.0
30    17    86.46964785403026                                     0.0
31    17    5.830951894845301                                     0.0
32    17    50.15974481593781                                     0.0
33    17    36.796738985948195                                     0.0
2    18    20.024984394500787                                     0.0
3    18    51.97114584074513                                     0.0
4    18    58.240879114244144                                     0.0
5    18    60.40695324215582                                     0.0
6    18    34.0147027033899                                     0.0
7    18    20.8806130178211                                     0.0
8    18    26.92582403567252                                     0.0
9    18    55.90169943749474                                     0.0
10    18    61.61168720299745                                     0.0
11    18    14.0                                     0.0
12    18    20.0                                     0.0
13    18    26.0                                     0.0
14    18    25.0                                     0.0
15    18    13.45362404707371                                     0.0
16    18    54.91812087098393                                     0.0
17    18    51.0                                     0.0
0    18    24.698178070456937                                     0.0
18    18    0.0                                     0.0
19    18    20.615528128088304                                     0.0
20    18    26.248809496813376                                     0.0
21    18    50.80354318352215                                     0.0
22    18    23.600847442411894                                     0.0
23    18    56.568542494923804                                     0.0
24    18    74.4043009509531                                     0.0
25    18    60.4648658313239                                     0.0
26    18    34.48187929913333                                     0.0
27    18    65.62011886609167                                     0.0
28    18    54.91812087098393                                     0.0
29    18    28.635642126552707                                     0.0
30    18    43.657759905886145                                     0.0
31    18    51.62363799656123                                     0.0
32    18    55.47071299343465                                     0.0
33    18    18.027756377319946                                     0.0
2    19    4.0                                     0.0
3    19    32.64965543462902                                     0.0
4    19    37.64306044943742                                     0.0
5    19    40.049968789001575                                     0.0
6    19    14.560219778561036                                     0.0
7    19    1.0                                     0.0
8    19    7.0710678118654755                                     0.0
9    19    35.35533905932738                                     0.0
10    19    43.139309220245984                                     0.0
11    19    27.586228448267445                                     0.0
12    19    36.6742416417845                                     0.0
13    19    46.486557196677836                                     0.0
14    19    7.0710678118654755                                     0.0
15    19    17.204650534085253                                     0.0
16    19    36.069377593742864                                     0.0
17    19    66.60330322138685                                     0.0
18    19    20.615528128088304                                     0.0
0    19    30.083217912982647                                     0.0
19    19    0.0                                     0.0
20    19    12.0                                     0.0
21    19    32.64965543462902                                     0.0
22    19    41.617304093369626                                     0.0
23    19    38.27531841800928                                     0.0
24    19    63.25345840347388                                     0.0
25    19    49.20365840057018                                     0.0
26    19    48.41487374764082                                     0.0
27    19    47.12748667179272                                     0.0
28    19    66.18912297349165                                     0.0
29    19    35.84689665786984                                     0.0
30    19    50.20956084253277                                     0.0
31    19    65.80273550544841                                     0.0
32    19    54.3323108288245                                     0.0
33    19    29.832867780352597                                     0.0
2    20    16.0                                     0.0
3    20    26.570660511172846                                     0.0
4    20    36.013886210738214                                     0.0
5    20    41.23105625617661                                     0.0
6    20    21.2602916254693                                     0.0
7    20    11.0                                     0.0
8    20    8.602325267042627                                     0.0
9    20    35.6931365951495                                     0.0
10    20    35.510561809129406                                     0.0
11    20    36.89173349139343                                     0.0
12    20    36.345563690772494                                     0.0
13    20    51.62363799656123                                     0.0
14    20    17.72004514666935                                     0.0
15    20    27.85677655436824                                     0.0
16    20    29.068883707497267                                     0.0
17    20    76.02631123499285                                     0.0
18    20    26.248809496813376                                     0.0
19    20    12.0                                     0.0
0    20    41.48493702538308                                     0.0
20    20    0.0                                     0.0
21    20    24.698178070456937                                     0.0
22    20    49.51767361255979                                     0.0
23    20    43.829214001622255                                     0.0
24    20    72.94518489934754                                     0.0
25    20    59.16924876994806                                     0.0
26    20    58.309518948453004                                     0.0
27    20    51.97114584074513                                     0.0
28    20    77.07788269017254                                     0.0
29    20    47.12748667179272                                     0.0
30    20    42.43819034784589                                     0.0
31    20    75.8023746329889                                     0.0
32    20    66.27216610312357                                     0.0
33    20    39.824615503479755                                     0.0
2    21    35.805027579936315                                     0.0
3    21    5.656854249492381                                     0.0
4    21    20.518284528683193                                     0.0
5    21    29.832867780352597                                     0.0
6    21    29.832867780352597                                     0.0
7    21    31.89043743820395                                     0.0
8    21    25.612496949731394                                     0.0
9    21    24.413111231467404                                     0.0
10    21    10.816653826391969                                     0.0
11    21    60.14149981501958                                     0.0
12    21    59.77457653551382                                     0.0
13    21    76.32168761236873                                     0.0
14    21    34.0                                     0.0
15    21    49.8196748283246                                     0.0
16    21    5.0                                     0.0
17    21    99.24716620639605                                     0.0
18    21    50.80354318352215                                     0.0
19    21    32.64965543462902                                     0.0
20    21    24.698178070456937                                     0.0
0    21    61.91122676865643                                     0.0
21    21    0.0                                     0.0
22    21    73.66138744281159                                     0.0
23    21    40.85339643163099                                     0.0
24    21    76.40026177965623                                     0.0
25    21    64.6297145282261                                     0.0
26    21    81.05553651663777                                     0.0
27    21    45.79301256742124                                     0.0
28    21    98.2700361249552                                     0.0
29    21    67.7421582177598                                     0.0
30    21    57.0701322935211                                     0.0
31    21    98.40731680114035                                     0.0
32    21    80.4114419718985                                     0.0
33    21    62.48199740725323                                     0.0
2    22    39.44616584663204                                     0.0
3    22    74.2024258363566                                     0.0
4    22    78.26237921249263                                     0.0
5    22    78.43468620451031                                     0.0
6    22    52.0                                     0.0
7    22    42.20189569201838                                     0.0
8    22    48.60041152089147                                     0.0
9    22    74.84650960465692                                     0.0
10    22    84.38601779915912                                     0.0
11    22    14.866068747318506                                     0.0
12    22    31.064449134018133                                     0.0
13    22    13.45362404707371                                     0.0
14    22    43.382023926967726                                     0.0
15    22    26.0                                     0.0
16    22    77.46612162745726                                     0.0
17    22    27.85677655436824                                     0.0
18    22    23.600847442411894                                     0.0
19    22    41.617304093369626                                     0.0
20    22    49.51767361255979                                     0.0
21    22    73.66138744281159                                     0.0
0    22    23.345235059857504                                     0.0
22    22    0.0                                     0.0
23    22    70.8590149522275                                     0.0
24    22    78.10889834071403                                     0.0
25    22    65.73431371817918                                     0.0
26    22    14.560219778561036                                     0.0
27    22    79.63039620647382                                     0.0
28    22    35.22782990761707                                     0.0
29    22    21.93171219946131                                     0.0
30    22    60.00833275470999                                     0.0
31    22    29.427877939124322                                     0.0
32    22    50.0                                     0.0
33    22    15.033296378372908                                     0.0
2    23    37.107950630558946                                     0.0
3    23    35.73513677041127                                     0.0
4    23    24.0                                     0.0
5    23    15.524174696260024                                     0.0
6    23    23.769728648009426                                     0.0
7    23    38.62641583165593                                     0.0
8    23    35.84689665786984                                     0.0
9    23    18.027756377319946                                     0.0
10    23    44.40720662234904                                     0.0
11    23    56.32051136131489                                     0.0
12    23    74.72616676907762                                     0.0
13    23    80.02499609497022                                     0.0
14    23    32.01562118716424                                     0.0
15    23    46.010868281309364                                     0.0
16    23    39.293765408777                                     0.0
17    23    88.14193099768123                                     0.0
18    23    56.568542494923804                                     0.0
19    23    38.27531841800928                                     0.0
20    23    43.829214001622255                                     0.0
21    23    40.85339643163099                                     0.0
22    23    70.8590149522275                                     0.0
0    23    49.33558553417604                                     0.0
23    23    0.0                                     0.0
24    23    36.22154055254967                                     0.0
25    23    26.68332812825267                                     0.0
26    23    70.57619995437555                                     0.0
27    23    9.055385138137417                                     0.0
28    23    80.44874144447506                                     0.0
29    23    53.85164807134504                                     0.0
30    23    86.2670273047588                                     0.0
31    23    85.0                                     0.0
32    23    50.80354318352215                                     0.0
33    23    55.90169943749474                                     0.0
2    24    60.207972893961475                                     0.0
3    24    71.58910531638176                                     0.0
4    24    60.13318551349163                                     0.0
5    24    51.0                                     0.0
6    24    51.97114584074513                                     0.0
7    24    64.03124237432849                                     0.0
8    24    64.35060217278468                                     0.0
9    24    54.230987451824994                                     0.0
10    24    80.62257748298549                                     0.0
11    24    67.08203932499369                                     0.0
12    24    94.40338976964757                                     0.0
13    24    90.62008607367353                                     0.0
14    24    56.22277118748239                                     0.0
15    24    61.032778078668514                                     0.0
16    24    75.31268153505093                                     0.0
17    24    84.00595217006948                                     0.0
18    24    74.4043009509531                                     0.0
19    24    63.25345840347388                                     0.0
20    24    72.94518489934754                                     0.0
21    24    76.40026177965623                                     0.0
22    24    78.10889834071403                                     0.0
23    24    36.22154055254967                                     0.0
0    24    55.154328932550705                                     0.0
24    24    0.0                                     0.0
25    24    14.142135623730951                                     0.0
26    24    70.8590149522275                                     0.0
27    24    35.35533905932738                                     0.0
28    24    70.71067811865476                                     0.0
29    24    56.32051136131489                                     0.0
30    24    113.35784048754634                                     0.0
31    24    79.1012010022604                                     0.0
32    24    34.36568055487916                                     0.0
33    24    64.47480127925948                                     0.0
2    25    46.09772228646444                                     0.0
3    25    60.207972893961475                                     0.0
4    25    50.35871324805669                                     0.0
5    25    42.20189569201838                                     0.0
6    25    38.48376280978771                                     0.0
7    25    50.0                                     0.0
8    25    50.60632371551998                                     0.0
9    25    44.28317965096906                                     0.0
10    25    70.0                                     0.0
11    25    53.85164807134504                                     0.0
12    25    80.44874144447506                                     0.0
13    25    77.79460135510689                                     0.0
14    25    42.20189569201838                                     0.0
15    25    47.16990566028302                                     0.0
16    25    64.1248781675256                                     0.0
17    25    74.81310045707235                                     0.0
18    25    60.4648658313239                                     0.0
19    25    49.20365840057018                                     0.0
20    25    59.16924876994806                                     0.0
21    25    64.6297145282261                                     0.0
22    25    65.73431371817918                                     0.0
23    25    26.68332812825267                                     0.0
24    25    14.142135623730951                                     0.0
0    25    42.44997055358225                                     0.0
25    25    0.0                                     0.0
26    25    60.00833275470999                                     0.0
27    25    29.154759474226502                                     0.0
28    25    63.245553203367585                                     0.0
29    25    44.40720662234904                                     0.0
30    25    99.24716620639605                                     0.0
31    25    70.40596565632774                                     0.0
32    25    28.30194339616981                                     0.0
33    25    51.54609587543949                                     0.0
2    26    45.34313619501854                                     0.0
3    26    80.65977932030313                                     0.0
4    26    82.20097323024831                                     0.0
5    26    80.62257748298549                                     0.0
6    26    55.60575509783138                                     0.0
7    26    49.20365840057018                                     0.0
8    26    55.44366510251645                                     0.0
9    26    77.93587107359485                                     0.0
10    26    91.43850392476902                                     0.0
11    26    21.470910553583888                                     0.0
12    26    45.39823785126467                                     0.0
13    26    26.92582403567252                                     0.0
14    26    48.104053883222775                                     0.0
15    26    31.240998703626616                                     0.0
16    26    84.29116205154607                                     0.0
17    26    18.439088914585774                                     0.0
18    26    34.48187929913333                                     0.0
19    26    48.41487374764082                                     0.0
20    26    58.309518948453004                                     0.0
21    26    81.05553651663777                                     0.0
22    26    14.560219778561036                                     0.0
23    26    70.57619995437555                                     0.0
24    26    70.8590149522275                                     0.0
25    26    60.00833275470999                                     0.0
0    26    21.470910553583888                                     0.0
26    26    0.0                                     0.0
27    26    78.74642849044012                                     0.0
28    26    21.0                                     0.0
29    26    16.76305461424021                                     0.0
30    26    74.16872656315464                                     0.0
31    26    17.4928556845359                                     0.0
32    26    39.395431207184416                                     0.0
33    26    18.601075237738275                                     0.0
2    27    46.09772228646444                                     0.0
3    27    40.311288741492746                                     0.0
4    27    26.570660511172846                                     0.0
5    27    16.76305461424021                                     0.0
6    27    32.57299494980466                                     0.0
7    27    47.43416490252569                                     0.0
8    27    44.28317965096906                                     0.0
9    27    21.470910553583888                                     0.0
10    27    47.43416490252569                                     0.0
11    27    65.19202405202648                                     0.0
12    27    83.67795408588812                                     0.0
13    27    89.00561780022652                                     0.0
14    27    41.0                                     0.0
15    27    55.0                                     0.0
16    27    43.382023926967726                                     0.0
17    27    96.00520819205592                                     0.0
18    27    65.62011886609167                                     0.0
19    27    47.12748667179272                                     0.0
20    27    51.97114584074513                                     0.0
21    27    45.79301256742124                                     0.0
22    27    79.63039620647382                                     0.0
23    27    9.055385138137417                                     0.0
24    27    35.35533905932738                                     0.0
25    27    29.154759474226502                                     0.0
26    27    78.74642849044012                                     0.0
0    27    57.723478758647246                                     0.0
27    27    0.0                                     0.0
28    27    87.46427842267951                                     0.0
29    27    61.98386886924694                                     0.0
30    27    94.33981132056604                                     0.0
31    27    92.61209424259879                                     0.0
32    27    55.86591089385369                                     0.0
33    27    64.6297145282261                                     0.0
2    28    62.64982043070834                                     0.0
3    28    97.082439194738                                     0.0
4    28    96.20810776644555                                     0.0
5    28    92.84934033152847                                     0.0
6    28    70.43436661176133                                     0.0
7    28    67.08203932499369                                     0.0
8    28    72.94518489934754                                     0.0
9    28    91.21951545584969                                     0.0
10    28    108.16653826391968                                     0.0
11    28    41.23105625617661                                     0.0
12    28    66.27216610312357                                     0.0
13    28    46.17358552246078                                     0.0
14    28    64.35060217278468                                     0.0
15    28    49.24428900898052                                     0.0
16    28    100.9554357129917                                     0.0
17    28    16.64331697709324                                     0.0
18    28    54.91812087098393                                     0.0
19    28    66.18912297349165                                     0.0
20    28    77.07788269017254                                     0.0
21    28    98.2700361249552                                     0.0
22    28    35.22782990761707                                     0.0
23    28    80.44874144447506                                     0.0
24    28    70.71067811865476                                     0.0
25    28    63.245553203367585                                     0.0
26    28    21.0                                     0.0
27    28    87.46427842267951                                     0.0
0    28    36.359317925395686                                     0.0
28    28    0.0                                     0.0
29    28    30.528675044947494                                     0.0
30    28    95.13148795220224                                     0.0
31    28    10.816653826391969                                     0.0
32    28    36.345563690772494                                     0.0
33    28    37.64306044943742                                     0.0
2    29    32.202484376209235                                     0.0
3    29    66.61080993352356                                     0.0
4    29    66.60330322138685                                     0.0
5    29    64.35060217278468                                     0.0
6    29    40.311288741492746                                     0.0
7    29    36.76955262170047                                     0.0
8    29    42.485291572496                                     0.0
9    29    62.00806399170998                                     0.0
10    29    77.6659513557904                                     0.0
11    29    15.231546211727817                                     0.0
12    29    45.65084884205331                                     0.0
13    29    34.9857113690718                                     0.0
14    29    33.83784863137726                                     0.0
15    29    19.4164878389476                                     0.0
16    29    70.45565981523414                                     0.0
17    29    34.48187929913333                                     0.0
18    29    28.635642126552707                                     0.0
19    29    35.84689665786984                                     0.0
20    29    47.12748667179272                                     0.0
21    29    67.7421582177598                                     0.0
22    29    21.93171219946131                                     0.0
23    29    53.85164807134504                                     0.0
24    29    56.32051136131489                                     0.0
25    29    44.40720662234904                                     0.0
26    29    16.76305461424021                                     0.0
27    29    61.98386886924694                                     0.0
28    29    30.528675044947494                                     0.0
0    29    5.830951894845301                                     0.0
29    29    0.0                                     0.0
30    29    72.12489168102785                                     0.0
31    29    32.01562118716424                                     0.0
32    29    29.0                                     0.0
33    29    11.180339887498949                                     0.0
2    30    53.150729063673246                                     0.0
3    30    61.84658438426491                                     0.0
4    30    75.27283706623525                                     0.0
5    30    82.34682750416071                                     0.0
6    30    63.25345840347388                                     0.0
7    30    49.49747468305833                                     0.0
8    30    50.60632371551998                                     0.0
9    30    76.55716818169282                                     0.0
10    30    65.19202405202648                                     0.0
11    30    57.0087712549569                                     0.0
12    30    29.017236257093817                                     0.0
13    30    51.78802950489621                                     0.0
14    30    57.28001396647874                                     0.0
15    30    55.90169943749474                                     0.0
16    30    61.98386886924694                                     0.0
17    30    86.46964785403026                                     0.0
18    30    43.657759905886145                                     0.0
19    30    50.20956084253277                                     0.0
20    30    42.43819034784589                                     0.0
21    30    57.0701322935211                                     0.0
22    30    60.00833275470999                                     0.0
23    30    86.2670273047588                                     0.0
24    30    113.35784048754634                                     0.0
25    30    99.24716620639605                                     0.0
26    30    74.16872656315464                                     0.0
27    30    94.33981132056604                                     0.0
28    30    95.13148795220224                                     0.0
29    30    72.12489168102785                                     0.0
0    30    68.35202996254024                                     0.0
30    30    0.0                                     0.0
31    30    89.08984229416954                                     0.0
32    30    98.89893831583835                                     0.0
33    30    61.1310068623117                                     0.0
2    31    62.625873247404705                                     0.0
3    31    97.83659846908007                                     0.0
4    31    98.59513172565875                                     0.0
5    31    96.26006440887103                                     0.0
6    31    72.18032973047436                                     0.0
7    31    66.61080993352356                                     0.0
8    31    72.80109889280519                                     0.0
9    31    94.02127418834527                                     0.0
10    31    108.70602559196064                                     0.0
11    31    38.948684188300895                                     0.0
12    31    60.07495318350236                                     0.0
13    31    38.3275357934736                                     0.0
14    31    65.11528238439882                                     0.0
15    31    48.60041152089147                                     0.0
16    31    101.53324578678651                                     0.0
17    31    5.830951894845301                                     0.0
18    31    51.62363799656123                                     0.0
19    31    65.80273550544841                                     0.0
20    31    75.8023746329889                                     0.0
21    31    98.40731680114035                                     0.0
22    31    29.427877939124322                                     0.0
23    31    85.0                                     0.0
24    31    79.1012010022604                                     0.0
25    31    70.40596565632774                                     0.0
26    31    17.4928556845359                                     0.0
27    31    92.61209424259879                                     0.0
28    31    10.816653826391969                                     0.0
29    31    32.01562118716424                                     0.0
30    31    89.08984229416954                                     0.0
0    31    37.53664875824692                                     0.0
31    31    0.0                                     0.0
32    31    45.0111097397076                                     0.0
33    31    36.05551275463989                                     0.0
2    32    50.35871324805669                                     0.0
3    32    77.3692445355388                                     0.0
4    32    71.58910531638176                                     0.0
5    32    65.5133574166368                                     0.0
6    32    50.635955604688654                                     0.0
7    32    55.326304774492215                                     0.0
8    32    59.00847396772772                                     0.0
9    32    65.7419196555744                                     0.0
10    32    88.32326986700618                                     0.0
11    32    43.60045871318328                                     0.0
12    32    74.06078584514209                                     0.0
13    32    63.41135544995076                                     0.0
14    32    49.01020301937138                                     0.0
15    32    43.08131845707603                                     0.0
16    32    81.49233092751734                                     0.0
17    32    50.15974481593781                                     0.0
18    32    55.47071299343465                                     0.0
19    32    54.3323108288245                                     0.0
20    32    66.27216610312357                                     0.0
21    32    80.4114419718985                                     0.0
22    32    50.0                                     0.0
23    32    50.80354318352215                                     0.0
24    32    34.36568055487916                                     0.0
25    32    28.30194339616981                                     0.0
26    32    39.395431207184416                                     0.0
27    32    55.86591089385369                                     0.0
28    32    36.345563690772494                                     0.0
29    32    29.0                                     0.0
30    32    98.89893831583835                                     0.0
31    32    45.0111097397076                                     0.0
0    32    31.064449134018133                                     0.0
32    32    0.0                                     0.0
33    32    39.824615503479755                                     0.0
2    33    26.870057685088806                                     0.0
3    33    62.22539674441618                                     0.0
4    33    64.66065264130884                                     0.0
5    33    64.07807737440318                                     0.0
6    33    38.07886552931954                                     0.0
7    33    30.610455730027933                                     0.0
8    33    36.87817782917155                                     0.0
9    33    60.8276253029822                                     0.0
10    33    72.91776189653656                                     0.0
11    33    4.123105625617661                                     0.0
12    33    34.48187929913333                                     0.0
13    33    26.248809496813376                                     0.0
14    33    30.0                                     0.0
15    33    12.727922061357855                                     0.0
16    33    65.79513659838392                                     0.0
17    33    36.796738985948195                                     0.0
18    33    18.027756377319946                                     0.0
19    33    29.832867780352597                                     0.0
20    33    39.824615503479755                                     0.0
21    33    62.48199740725323                                     0.0
22    33    15.033296378372908                                     0.0
23    33    55.90169943749474                                     0.0
24    33    64.47480127925948                                     0.0
25    33    51.54609587543949                                     0.0
26    33    18.601075237738275                                     0.0
27    33    64.6297145282261                                     0.0
28    33    37.64306044943742                                     0.0
29    33    11.180339887498949                                     0.0
30    33    61.1310068623117                                     0.0
31    33    36.05551275463989                                     0.0
32    33    39.824615503479755                                     0.0
0    33    9.433981132056603                                     0.0
33    33    0.0                                     0.0
