0    2    45.45327270945405                                     0.0
2    2    0.0                                     0.0
3    2    59.07622195096772                                     0.0
4    2    58.0                                     0.0
5    2    78.2368199762746                                     0.0
6    2    99.72963451251589                                     0.0
7    2    35.35533905932738                                     0.0
8    2    116.60617479361889                                     0.0
9    2    108.57716150277645                                     0.0
10    2    80.15609770940699                                     0.0
11    2    88.86506625215557                                     0.0
12    2    28.30194339616981                                     0.0
13    2    79.64923100695951                                     0.0
14    2    101.13851887386922                                     0.0
15    2    10.04987562112089                                     0.0
16    2    50.53711507397311                                     0.0
17    2    54.230987451824994                                     0.0
18    2    94.08506789071261                                     0.0
19    2    26.90724809414742                                     0.0
20    2    19.0                                     0.0
21    2    76.36753236814714                                     0.0
22    2    9.055385138137417                                     0.0
23    2    46.09772228646444                                     0.0
24    2    35.35533905932738                                     0.0
25    2    45.89117562233506                                     0.0
26    2    97.6933979345585                                     0.0
27    2    107.33592129385204                                     0.0
28    2    98.08669634563088                                     0.0
29    2    29.832867780352597                                     0.0
30    2    30.4138126514911                                     0.0
31    2    96.56603957913983                                     0.0
32    2    17.4928556845359                                     0.0
33    2    85.44588931013593                                     0.0
2    0    45.45327270945405                                     0.0
3    0    14.560219778561036                                     0.0
4    0    45.45327270945405                                     0.0
5    0    36.40054944640259                                     0.0
6    0    60.8276253029822                                     0.0
7    0    24.0                                     0.0
8    0    73.35529974037323                                     0.0
9    0    64.35060217278468                                     0.0
10    0    64.81512169239521                                     0.0
11    0    55.326304774492215                                     0.0
12    0    17.804493814764857                                     0.0
13    0    41.10960958218893                                     0.0
14    0    56.22277118748239                                     0.0
15    0    39.05124837953327                                     0.0
16    0    20.0                                     0.0
17    0    39.05124837953327                                     0.0
18    0    72.01388754955533                                     0.0
19    0    19.235384061671343                                     0.0
20    0    33.12099032335839                                     0.0
21    0    31.400636936215164                                     0.0
22    0    39.698866482558415                                     0.0
23    0    7.810249675906654                                     0.0
24    0    10.770329614269007                                     0.0
25    0    22.360679774997898                                     0.0
26    0    61.07372593840988                                     0.0
27    0    65.0                                     0.0
28    0    61.1310068623117                                     0.0
29    0    17.08800749063506                                     0.0
30    0    40.01249804748511                                     0.0
31    0    61.0                                     0.0
32    0    29.5296461204668                                     0.0
33    0    40.311288741492746                                     0.0
2    3    59.07622195096772                                     0.0
0    3    14.560219778561036                                     0.0
3    3    0.0                                     0.0
4    3    55.00909015790027                                     0.0
5    3    31.25699921617557                                     0.0
6    3    56.142675390472796                                     0.0
7    3    31.304951684997057                                     0.0
8    3    64.19501538281614                                     0.0
9    3    54.230987451824994                                     0.0
10    3    71.58910531638176                                     0.0
11    3    54.78138369920935                                     0.0
12    3    30.805843601498726                                     0.0
13    3    38.600518131237564                                     0.0
14    3    45.17742799230607                                     0.0
15    3    51.73973328110612                                     0.0
16    3    28.635642126552707                                     0.0
17    3    48.75448697299562                                     0.0
18    3    75.8023746329889                                     0.0
19    3    33.61547262794322                                     0.0
20    3    44.598206241955516                                     0.0
21    3    21.587033144922902                                     0.0
22    3    52.49761899362675                                     0.0
23    3    19.1049731745428                                     0.0
24    3    25.298221281347036                                     0.0
25    3    24.331050121192877                                     0.0
26    3    58.05170109479997                                     0.0
27    3    57.0701322935211                                     0.0
28    3    57.87054518492115                                     0.0
29    3    31.622776601683793                                     0.0
30    3    54.08326913195984                                     0.0
31    3    58.69412236331676                                     0.0
32    3    43.86342439892262                                     0.0
33    3    26.40075756488817                                     0.0
2    4    58.0                                     0.0
3    4    55.00909015790027                                     0.0
0    4    45.45327270945405                                     0.0
4    4    0.0                                     0.0
5    4    45.39823785126467                                     0.0
6    4    54.644304369257                                     0.0
7    4    63.51377803280167                                     0.0
8    4    77.82673062643708                                     0.0
9    4    74.33034373659252                                     0.0
10    4    22.561028345356956                                     0.0
11    4    38.948684188300895                                     0.0
12    4    49.24428900898052                                     0.0
13    4    39.84971769034255                                     0.0
14    4    71.58910531638176                                     0.0
15    4    59.841457201508724                                     0.0
16    4    26.419689627245813                                     0.0
17    4    6.4031242374328485                                     0.0
18    4    36.22154055254967                                     0.0
19    4    42.04759208325728                                     0.0
20    4    61.032778078668514                                     0.0
21    4    54.147945482723536                                     0.0
22    4    59.682493245507096                                     0.0
23    4    37.8021163428716                                     0.0
24    4    41.400483088968905                                     0.0
25    4    66.52818951391959                                     0.0
26    4    49.678969393496885                                     0.0
27    4    67.53517601961218                                     0.0
28    4    50.44799302251776                                     0.0
29    4    39.824615503479755                                     0.0
30    4    28.442925306655784                                     0.0
31    4    47.4236228055175                                     0.0
32    4    43.93176527297759                                     0.0
33    4    70.57619995437555                                     0.0
2    5    78.2368199762746                                     0.0
3    5    31.25699921617557                                     0.0
4    5    45.39823785126467                                     0.0
0    5    36.40054944640259                                     0.0
5    5    0.0                                     0.0
6    5    25.0                                     0.0
7    5    59.841457201508724                                     0.0
8    5    38.41874542459709                                     0.0
9    5    31.400636936215164                                     0.0
10    5    52.49761899362675                                     0.0
11    5    25.612496949731394                                     0.0
12    5    53.31041174104736                                     0.0
13    5    9.219544457292887                                     0.0
14    5    26.570660511172846                                     0.0
15    5    73.824115301167                                     0.0
16    5    29.068883707497267                                     0.0
17    5    41.23105625617661                                     0.0
18    5    50.80354318352215                                     0.0
19    5    51.62363799656123                                     0.0
20    5    69.07966415668217                                     0.0
21    5    13.45362404707371                                     0.0
22    5    74.30343195303969                                     0.0
23    5    32.64965543462902                                     0.0
24    5    43.829214001622255                                     0.0
25    5    55.0                                     0.0
26    5    26.92582403567252                                     0.0
27    5    29.154759474226502                                     0.0
28    5    26.68332812825267                                     0.0
29    5    48.54894437575342                                     0.0
30    5    60.4648658313239                                     0.0
31    5    27.85677655436824                                     0.0
32    5    60.802960454241045                                     0.0
33    5    29.154759474226502                                     0.0
2    6    99.72963451251589                                     0.0
3    6    56.142675390472796                                     0.0
4    6    54.644304369257                                     0.0
5    6    25.0                                     0.0
0    6    60.8276253029822                                     0.0
6    6    0.0                                     0.0
7    6    84.5931439302264                                     0.0
8    6    24.515301344262525                                     0.0
9    6    25.709920264364882                                     0.0
10    6    50.80354318352215                                     0.0
11    6    16.76305461424021                                     0.0
12    6    76.92203845452875                                     0.0
13    6    20.248456731316587                                     0.0
14    6    29.68164415931166                                     0.0
15    6    96.56603957913983                                     0.0
16    6    49.193495504995376                                     0.0
17    6    53.150729063673246                                     0.0
18    6    41.30375285612676                                     0.0
19    6    74.09453421137081                                     0.0
20    6    92.72000862812729                                     0.0
21    6    36.138621999185304                                     0.0
22    6    96.93296652842108                                     0.0
23    6    56.04462507680822                                     0.0
24    6    67.05221845696084                                     0.0
25    6    80.0                                     0.0
26    6    7.0710678118654755                                     0.0
27    6    15.0                                     0.0
28    6    6.082762530298219                                     0.0
29    6    70.9365914038728                                     0.0
30    6    77.33692520394123                                     0.0
31    6    10.04987562112089                                     0.0
32    6    82.29216244576394                                     0.0
33    6    47.16990566028302                                     0.0
2    7    35.35533905932738                                     0.0
3    7    31.304951684997057                                     0.0
4    7    63.51377803280167                                     0.0
5    7    59.841457201508724                                     0.0
6    7    84.5931439302264                                     0.0
0    7    24.0                                     0.0
7    7    0.0                                     0.0
8    7    95.2732911156112                                     0.0
9    7    85.492689745966                                     0.0
10    7    85.0                                     0.0
11    7    79.22752047110903                                     0.0
12    7    14.866068747318506                                     0.0
13    7    65.06919393998976                                     0.0
14    7    76.47875521999558                                     0.0
15    7    25.709920264364882                                     0.0
16    7    41.7612260356422                                     0.0
17    7    57.4543296888929                                     0.0
18    7    94.2443632266673                                     0.0
19    7    22.67156809750927                                     0.0
20    7    16.76305461424021                                     0.0
21    7    52.55473337388365                                     0.0
22    7    26.68332812825267                                     0.0
23    7    30.4138126514911                                     0.0
24    7    22.360679774997898                                     0.0
25    7    10.770329614269007                                     0.0
26    7    85.05292469985967                                     0.0
27    7    87.64131445842195                                     0.0
28    7    85.09406559801923                                     0.0
29    7    24.08318915758459                                     0.0
30    7    47.16990566028302                                     0.0
31    7    85.0                                     0.0
32    7    27.85677655436824                                     0.0
33    7    56.22277118748239                                     0.0
2    8    116.60617479361889                                     0.0
3    8    64.19501538281614                                     0.0
4    8    77.82673062643708                                     0.0
5    8    38.41874542459709                                     0.0
6    8    24.515301344262525                                     0.0
7    8    95.2732911156112                                     0.0
0    8    73.35529974037323                                     0.0
8    8    0.0                                     0.0
9    8    11.045361017187261                                     0.0
10    8    75.31268153505093                                     0.0
11    8    41.23105625617661                                     0.0
12    8    90.91754506144565                                     0.0
13    8    39.20459156782532                                     0.0
14    8    21.02379604162864                                     0.0
15    8    111.83022847155415                                     0.0
16    8    67.20863039818622                                     0.0
17    8    75.47184905645283                                     0.0
18    8    65.0                                     0.0
19    8    89.87213138676528                                     0.0
20    8    106.47065323364932                                     0.0
21    8    42.720018726587654                                     0.0
22    8    112.36102527122117                                     0.0
23    8    70.7248188403477                                     0.0
24    8    81.83520025025906                                     0.0
25    8    88.32326986700618                                     0.0
26    8    31.25699921617557                                     0.0
27    8    10.295630140987                                     0.0
28    8    30.265491900843113                                     0.0
29    8    86.83893136145792                                     0.0
30    8    97.83659846908007                                     0.0
31    8    34.23448553724738                                     0.0
32    8    99.20181449953424                                     0.0
33    8    45.0111097397076                                     0.0
2    9    108.57716150277645                                     0.0
3    9    54.230987451824994                                     0.0
4    9    74.33034373659252                                     0.0
5    9    31.400636936215164                                     0.0
6    9    25.709920264364882                                     0.0
7    9    85.492689745966                                     0.0
8    9    11.045361017187261                                     0.0
0    9    64.35060217278468                                     0.0
9    9    0.0                                     0.0
10    9    75.05997601918082                                     0.0
11    9    41.012193308819754                                     0.0
12    9    82.09750300709517                                     0.0
13    9    34.539832078341085                                     0.0
14    9    10.0                                     0.0
15    9    103.22790320451152                                     0.0
16    9    60.440052945046304                                     0.0
17    9    71.17583859709698                                     0.0
18    9    66.91038783328041                                     0.0
19    9    81.68843247363729                                     0.0
20    9    97.41663102366043                                     0.0
21    9    33.12099032335839                                     0.0
22    9    103.81233067415451                                     0.0
23    9    62.48199740725323                                     0.0
24    9    73.40980860893181                                     0.0
25    9    78.10889834071403                                     0.0
26    9    32.7566787083184                                     0.0
27    9    11.661903789690601                                     0.0
28    9    31.78049716414141                                     0.0
29    9    78.74642849044012                                     0.0
30    9    91.83681179135085                                     0.0
31    9    35.6931365951495                                     0.0
32    9    91.35097153287424                                     0.0
33    9    34.0                                     0.0
2    10    80.15609770940699                                     0.0
3    10    71.58910531638176                                     0.0
4    10    22.561028345356956                                     0.0
5    10    52.49761899362675                                     0.0
6    10    50.80354318352215                                     0.0
7    10    85.0                                     0.0
8    10    75.31268153505093                                     0.0
9    10    75.05997601918082                                     0.0
0    10    64.81512169239521                                     0.0
10    10    0.0                                     0.0
11    10    34.23448553724738                                     0.0
12    10    71.17583859709698                                     0.0
13    10    44.14748010928823                                     0.0
14    10    75.32595834106593                                     0.0
15    10    82.37718130647589                                     0.0
16    10    44.82186966202994                                     0.0
17    10    27.85677655436824                                     0.0
18    10    16.64331697709324                                     0.0
19    10    64.25729530566937                                     0.0
20    10    83.5224520712844                                     0.0
21    10    64.47480127925948                                     0.0
22    10    82.20097323024831                                     0.0
23    10    57.0087712549569                                     0.0
24    10    62.64982043070834                                     0.0
25    10    86.83893136145792                                     0.0
26    10    44.14748010928823                                     0.0
27    10    65.62011886609167                                     0.0
28    10    45.12205669071391                                     0.0
29    10    61.84658438426491                                     0.0
30    10    50.0                                     0.0
31    10    41.23105625617661                                     0.0
32    10    66.49060083951716                                     0.0
33    10    81.15417426109393                                     0.0
2    11    88.86506625215557                                     0.0
3    11    54.78138369920935                                     0.0
4    11    38.948684188300895                                     0.0
5    11    25.612496949731394                                     0.0
6    11    16.76305461424021                                     0.0
7    11    79.22752047110903                                     0.0
8    11    41.23105625617661                                     0.0
9    11    41.012193308819754                                     0.0
10    11    34.23448553724738                                     0.0
0    11    55.326304774492215                                     0.0
11    11    0.0                                     0.0
12    11    69.18092222571191                                     0.0
13    11    16.64331697709324                                     0.0
14    11    42.44997055358225                                     0.0
15    11    87.0976463516667                                     0.0
16    11    39.45883931389772                                     0.0
17    11    38.41874542459709                                     0.0
18    11    26.92582403567252                                     0.0
19    11    64.93843238021688                                     0.0
20    11    84.5931439302264                                     0.0
21    11    39.05124837953327                                     0.0
22    11    87.32124598286491                                     0.0
23    11    49.01020301937138                                     0.0
24    11    59.135437767890075                                     0.0
25    11    76.68767828015137                                     0.0
26    11    10.816653826391969                                     0.0
27    11    31.400636936215164                                     0.0
28    11    11.661903789690601                                     0.0
29    11    61.814237842102365                                     0.0
30    11    63.812224534175265                                     0.0
31    11    8.48528137423857                                     0.0
32    11    71.84010022264724                                     0.0
33    11    53.907327887774215                                     0.0
2    12    28.30194339616981                                     0.0
3    12    30.805843601498726                                     0.0
4    12    49.24428900898052                                     0.0
5    12    53.31041174104736                                     0.0
6    12    76.92203845452875                                     0.0
7    12    14.866068747318506                                     0.0
8    12    90.91754506144565                                     0.0
9    12    82.09750300709517                                     0.0
10    12    71.17583859709698                                     0.0
11    12    69.18092222571191                                     0.0
0    12    17.804493814764857                                     0.0
12    12    0.0                                     0.0
13    12    56.753854494650845                                     0.0
14    12    74.02702209328699                                     0.0
15    12    21.2602916254693                                     0.0
16    12    30.01666203960727                                     0.0
17    12    43.382023926967726                                     0.0
18    12    81.49233092751734                                     0.0
19    12    7.810249675906654                                     0.0
20    12    15.811388300841896                                     0.0
21    12    49.20365840057018                                     0.0
22    12    21.93171219946131                                     0.0
23    12    20.8806130178211                                     0.0
24    12    10.04987562112089                                     0.0
25    12    21.840329667841555                                     0.0
26    12    76.2954782408499                                     0.0
27    12    82.29216244576394                                     0.0
28    12    76.48529270389177                                     0.0
29    12    9.433981132056603                                     0.0
30    12    32.64965543462902                                     0.0
31    12    75.8023746329889                                     0.0
32    12    15.0                                     0.0
33    12    57.201398584300364                                     0.0
2    13    79.64923100695951                                     0.0
3    13    38.600518131237564                                     0.0
4    13    39.84971769034255                                     0.0
5    13    9.219544457292887                                     0.0
6    13    20.248456731316587                                     0.0
7    13    65.06919393998976                                     0.0
8    13    39.20459156782532                                     0.0
9    13    34.539832078341085                                     0.0
10    13    44.14748010928823                                     0.0
11    13    16.64331697709324                                     0.0
12    13    56.753854494650845                                     0.0
0    13    41.10960958218893                                     0.0
13    13    0.0                                     0.0
14    13    32.14031735997639                                     0.0
15    13    76.32168761236873                                     0.0
16    13    29.154759474226502                                     0.0
17    13    36.6742416417845                                     0.0
18    13    41.617304093369626                                     0.0
19    13    53.85164807134504                                     0.0
20    13    72.53275122315436                                     0.0
21    13    22.627416997969522                                     0.0
22    13    76.69419795525604                                     0.0
23    13    35.90264614203248                                     0.0
24    13    46.84015371452148                                     0.0
25    13    61.40032573203501                                     0.0
26    13    20.0                                     0.0
27    13    29.068883707497267                                     0.0
28    13    20.024984394500787                                     0.0
29    13    50.695167422546305                                     0.0
30    13    58.728187440104094                                     0.0
31    13    20.223748416156685                                     0.0
32    13    62.177166226839255                                     0.0
33    13    38.27531841800928                                     0.0
2    14    101.13851887386922                                     0.0
3    14    45.17742799230607                                     0.0
4    14    71.58910531638176                                     0.0
5    14    26.570660511172846                                     0.0
6    14    29.68164415931166                                     0.0
7    14    76.47875521999558                                     0.0
8    14    21.02379604162864                                     0.0
9    14    10.0                                     0.0
10    14    75.32595834106593                                     0.0
11    14    42.44997055358225                                     0.0
12    14    74.02702209328699                                     0.0
13    14    32.14031735997639                                     0.0
0    14    56.22277118748239                                     0.0
14    14    0.0                                     0.0
15    14    95.26804291051643                                     0.0
16    14    54.70831746635972                                     0.0
17    14    67.72001181334805                                     0.0
18    14    69.26037828369117                                     0.0
19    14    74.24957912338628                                     0.0
20    14    89.05054744357274                                     0.0
21    14    24.839484696748443                                     0.0
22    14    95.90099061010788                                     0.0
23    14    55.17245689653489                                     0.0
24    14    65.79513659838392                                     0.0
25    14    68.70953354520753                                     0.0
26    14    36.235341863986875                                     0.0
27    14    18.867962264113206                                     0.0
28    14    35.35533905932738                                     0.0
29    14    71.42128534267638                                     0.0
30    14    86.45229898620394                                     0.0
31    14    38.91015291668744                                     0.0
32    14    84.17244204607586                                     0.0
33    14    24.0                                     0.0
2    15    10.04987562112089                                     0.0
3    15    51.73973328110612                                     0.0
4    15    59.841457201508724                                     0.0
5    15    73.824115301167                                     0.0
6    15    96.56603957913983                                     0.0
7    15    25.709920264364882                                     0.0
8    15    111.83022847155415                                     0.0
9    15    103.22790320451152                                     0.0
10    15    82.37718130647589                                     0.0
11    15    87.0976463516667                                     0.0
12    15    21.2602916254693                                     0.0
13    15    76.32168761236873                                     0.0
14    15    95.26804291051643                                     0.0
0    15    39.05124837953327                                     0.0
15    15    0.0                                     0.0
16    15    47.80167361086848                                     0.0
17    15    55.226805085936306                                     0.0
18    15    95.1892851112981                                     0.0
19    15    22.47220505424423                                     0.0
20    15    9.055385138137417                                     0.0
21    15    70.43436661176133                                     0.0
22    15    1.0                                     0.0
23    15    41.182520563948                                     0.0
24    15    30.01666203960727                                     0.0
25    15    36.40054944640259                                     0.0
26    15    95.2102935611481                                     0.0
27    15    102.95630140987001                                     0.0
28    15    95.50916186418976                                     0.0
29    15    25.632011235952593                                     0.0
30    15    34.438350715445125                                     0.0
31    15    94.37160589923221                                     0.0
32    15    16.0312195418814                                     0.0
33    15    78.10249675906654                                     0.0
2    16    50.53711507397311                                     0.0
3    16    28.635642126552707                                     0.0
4    16    26.419689627245813                                     0.0
5    16    29.068883707497267                                     0.0
6    16    49.193495504995376                                     0.0
7    16    41.7612260356422                                     0.0
8    16    67.20863039818622                                     0.0
9    16    60.440052945046304                                     0.0
10    16    44.82186966202994                                     0.0
11    16    39.45883931389772                                     0.0
12    16    30.01666203960727                                     0.0
13    16    29.154759474226502                                     0.0
14    16    54.70831746635972                                     0.0
15    16    47.80167361086848                                     0.0
0    16    20.0                                     0.0
16    16    0.0                                     0.0
17    16    20.12461179749811                                     0.0
18    16    52.55473337388365                                     0.0
19    16    25.495097567963924                                     0.0
20    16    45.17742799230607                                     0.0
21    16    32.28002478313795                                     0.0
22    16    48.08326112068523                                     0.0
23    16    12.206555615733702                                     0.0
24    16    20.09975124224178                                     0.0
25    16    42.190046219457976                                     0.0
26    16    47.43416490252569                                     0.0
27    16    57.48912940721924                                     0.0
28    16    47.75981574503821                                     0.0
29    16    22.360679774997898                                     0.0
30    16    31.76476034853718                                     0.0
31    16    46.57252408878007                                     0.0
32    16    33.1058907144937                                     0.0
33    16    47.16990566028302                                     0.0
2    17    54.230987451824994                                     0.0
3    17    48.75448697299562                                     0.0
4    17    6.4031242374328485                                     0.0
5    17    41.23105625617661                                     0.0
6    17    53.150729063673246                                     0.0
7    17    57.4543296888929                                     0.0
8    17    75.47184905645283                                     0.0
9    17    71.17583859709698                                     0.0
10    17    27.85677655436824                                     0.0
11    17    38.41874542459709                                     0.0
12    17    43.382023926967726                                     0.0
13    17    36.6742416417845                                     0.0
14    17    67.72001181334805                                     0.0
15    17    55.226805085936306                                     0.0
16    17    20.12461179749811                                     0.0
0    17    39.05124837953327                                     0.0
17    17    0.0                                     0.0
18    17    40.01249804748511                                     0.0
19    17    36.40054944640259                                     0.0
20    17    55.78530272392541                                     0.0
21    17    49.0                                     0.0
22    17    55.14526271584895                                     0.0
23    17    31.400636936215164                                     0.0
24    17    35.22782990761707                                     0.0
25    17    60.207972893961475                                     0.0
26    17    48.83646178829912                                     0.0
27    17    65.19202405202648                                     0.0
28    17    49.51767361255979                                     0.0
29    17    34.0147027033899                                     0.0
30    17    26.0                                     0.0
31    17    46.861498055439924                                     0.0
32    17    39.20459156782532                                     0.0
33    17    65.19202405202648                                     0.0
2    18    94.08506789071261                                     0.0
3    18    75.8023746329889                                     0.0
4    18    36.22154055254967                                     0.0
5    18    50.80354318352215                                     0.0
6    18    41.30375285612676                                     0.0
7    18    94.2443632266673                                     0.0
8    18    65.0                                     0.0
9    18    66.91038783328041                                     0.0
10    18    16.64331697709324                                     0.0
11    18    26.92582403567252                                     0.0
12    18    81.49233092751734                                     0.0
13    18    41.617304093369626                                     0.0
14    18    69.26037828369117                                     0.0
15    18    95.1892851112981                                     0.0
16    18    52.55473337388365                                     0.0
17    18    40.01249804748511                                     0.0
0    18    72.01388754955533                                     0.0
18    18    0.0                                     0.0
19    18    75.31268153505093                                     0.0
20    18    95.1892851112981                                     0.0
21    18    64.03124237432849                                     0.0
22    18    95.13148795220224                                     0.0
23    18    64.47480127925948                                     0.0
24    18    72.12489168102785                                     0.0
25    18    94.37160589923221                                     0.0
26    18    34.23448553724738                                     0.0
27    18    56.22277118748239                                     0.0
28    18    35.22782990761707                                     0.0
29    18    72.56721022610694                                     0.0
30    18    64.6297145282261                                     0.0
31    18    31.25699921617557                                     0.0
32    18    79.1580697086532                                     0.0
33    18    79.88116173416608                                     0.0
2    19    26.90724809414742                                     0.0
3    19    33.61547262794322                                     0.0
4    19    42.04759208325728                                     0.0
5    19    51.62363799656123                                     0.0
6    19    74.09453421137081                                     0.0
7    19    22.67156809750927                                     0.0
8    19    89.87213138676528                                     0.0
9    19    81.68843247363729                                     0.0
10    19    64.25729530566937                                     0.0
11    19    64.93843238021688                                     0.0
12    19    7.810249675906654                                     0.0
13    19    53.85164807134504                                     0.0
14    19    74.24957912338628                                     0.0
15    19    22.47220505424423                                     0.0
16    19    25.495097567963924                                     0.0
17    19    36.40054944640259                                     0.0
18    19    75.31268153505093                                     0.0
0    19    19.235384061671343                                     0.0
19    19    0.0                                     0.0
20    19    20.024984394500787                                     0.0
21    19    49.51767361255979                                     0.0
22    19    22.847319317591726                                     0.0
23    19    19.209372712298546                                     0.0
24    19    8.602325267042627                                     0.0
25    19    29.154759474226502                                     0.0
26    19    72.80109889280519                                     0.0
27    19    80.77747210701756                                     0.0
28    19    73.08214556237385                                     0.0
29    19    3.1622776601683795                                     0.0
30    19    25.079872407968907                                     0.0
31    19    72.03471385380801                                     0.0
32    19    10.295630140987                                     0.0
33    19    59.53990258641679                                     0.0
2    20    19.0                                     0.0
3    20    44.598206241955516                                     0.0
4    20    61.032778078668514                                     0.0
5    20    69.07966415668217                                     0.0
6    20    92.72000862812729                                     0.0
7    20    16.76305461424021                                     0.0
8    20    106.47065323364932                                     0.0
9    20    97.41663102366043                                     0.0
10    20    83.5224520712844                                     0.0
11    20    84.5931439302264                                     0.0
12    20    15.811388300841896                                     0.0
13    20    72.53275122315436                                     0.0
14    20    89.05054744357274                                     0.0
15    20    9.055385138137417                                     0.0
16    20    45.17742799230607                                     0.0
17    20    55.78530272392541                                     0.0
18    20    95.1892851112981                                     0.0
19    20    20.024984394500787                                     0.0
0    20    33.12099032335839                                     0.0
20    20    0.0                                     0.0
21    20    64.35060217278468                                     0.0
22    20    10.04987562112089                                     0.0
23    20    36.68787265568828                                     0.0
24    20    25.709920264364882                                     0.0
25    20    27.51363298439521                                     0.0
26    20    91.98369420718001                                     0.0
27    20    97.98979538707079                                     0.0
28    20    92.19544457292888                                     0.0
29    20    23.0                                     0.0
30    20    38.41874542459709                                     0.0
31    20    91.41115905621152                                     0.0
32    20    18.027756377319946                                     0.0
33    20    70.7248188403477                                     0.0
2    21    76.36753236814714                                     0.0
3    21    21.587033144922902                                     0.0
4    21    54.147945482723536                                     0.0
5    21    13.45362404707371                                     0.0
6    21    36.138621999185304                                     0.0
7    21    52.55473337388365                                     0.0
8    21    42.720018726587654                                     0.0
9    21    33.12099032335839                                     0.0
10    21    64.47480127925948                                     0.0
11    21    39.05124837953327                                     0.0
12    21    49.20365840057018                                     0.0
13    21    22.627416997969522                                     0.0
14    21    24.839484696748443                                     0.0
15    21    70.43436661176133                                     0.0
16    21    32.28002478313795                                     0.0
17    21    49.0                                     0.0
18    21    64.03124237432849                                     0.0
19    21    49.51767361255979                                     0.0
20    21    64.35060217278468                                     0.0
0    21    31.400636936215164                                     0.0
21    21    0.0                                     0.0
22    21    71.06335201775947                                     0.0
23    21    30.610455730027933                                     0.0
24    21    41.012193308819754                                     0.0
25    21    45.89117562233506                                     0.0
26    21    39.395431207184416                                     0.0
27    21    35.510561809129406                                     0.0
28    21    39.0                                     0.0
29    21    46.75467891024384                                     0.0
30    21    63.694583757176716                                     0.0
31    21    40.70626487409524                                     0.0
32    21    59.54829972383762                                     0.0
33    21    16.76305461424021                                     0.0
2    22    9.055385138137417                                     0.0
3    22    52.49761899362675                                     0.0
4    22    59.682493245507096                                     0.0
5    22    74.30343195303969                                     0.0
6    22    96.93296652842108                                     0.0
7    22    26.68332812825267                                     0.0
8    22    112.36102527122117                                     0.0
9    22    103.81233067415451                                     0.0
10    22    82.20097323024831                                     0.0
11    22    87.32124598286491                                     0.0
12    22    21.93171219946131                                     0.0
13    22    76.69419795525604                                     0.0
14    22    95.90099061010788                                     0.0
15    22    1.0                                     0.0
16    22    48.08326112068523                                     0.0
17    22    55.14526271584895                                     0.0
18    22    95.13148795220224                                     0.0
19    22    22.847319317591726                                     0.0
20    22    10.04987562112089                                     0.0
21    22    71.06335201775947                                     0.0
0    22    39.698866482558415                                     0.0
22    22    0.0                                     0.0
23    22    41.677331968349414                                     0.0
24    22    30.528675044947494                                     0.0
25    22    37.36308338453881                                     0.0
26    22    95.50916186418976                                     0.0
27    22    103.4456378974                                     0.0
28    22    95.81753492967766                                     0.0
29    22    26.0                                     0.0
30    22    34.0147027033899                                     0.0
31    22    94.64142856064674                                     0.0
32    22    16.0                                     0.0
33    22    78.87331614684399                                     0.0
2    23    46.09772228646444                                     0.0
3    23    19.1049731745428                                     0.0
4    23    37.8021163428716                                     0.0
5    23    32.64965543462902                                     0.0
6    23    56.04462507680822                                     0.0
7    23    30.4138126514911                                     0.0
8    23    70.7248188403477                                     0.0
9    23    62.48199740725323                                     0.0
10    23    57.0087712549569                                     0.0
11    23    49.01020301937138                                     0.0
12    23    20.8806130178211                                     0.0
13    23    35.90264614203248                                     0.0
14    23    55.17245689653489                                     0.0
15    23    41.182520563948                                     0.0
16    23    12.206555615733702                                     0.0
17    23    31.400636936215164                                     0.0
18    23    64.47480127925948                                     0.0
19    23    19.209372712298546                                     0.0
20    23    36.68787265568828                                     0.0
21    23    30.610455730027933                                     0.0
22    23    41.677331968349414                                     0.0
0    23    7.810249675906654                                     0.0
23    23    0.0                                     0.0
24    23    11.180339887498949                                     0.0
25    23    30.01666203960727                                     0.0
26    23    55.57877292636101                                     0.0
27    23    61.773780845922005                                     0.0
28    23    55.731499172371095                                     0.0
29    23    16.278820596099706                                     0.0
30    23    35.35533905932738                                     0.0
31    23    55.226805085936306                                     0.0
32    23    29.0                                     0.0
33    23    42.37924020083418                                     0.0
2    24    35.35533905932738                                     0.0
3    24    25.298221281347036                                     0.0
4    24    41.400483088968905                                     0.0
5    24    43.829214001622255                                     0.0
6    24    67.05221845696084                                     0.0
7    24    22.360679774997898                                     0.0
8    24    81.83520025025906                                     0.0
9    24    73.40980860893181                                     0.0
10    24    62.64982043070834                                     0.0
11    24    59.135437767890075                                     0.0
12    24    10.04987562112089                                     0.0
13    24    46.84015371452148                                     0.0
14    24    65.79513659838392                                     0.0
15    24    30.01666203960727                                     0.0
16    24    20.09975124224178                                     0.0
17    24    35.22782990761707                                     0.0
18    24    72.12489168102785                                     0.0
19    24    8.602325267042627                                     0.0
20    24    25.709920264364882                                     0.0
21    24    41.012193308819754                                     0.0
22    24    30.528675044947494                                     0.0
23    24    11.180339887498949                                     0.0
0    24    10.770329614269007                                     0.0
24    24    0.0                                     0.0
25    24    25.612496949731394                                     0.0
26    24    66.2872536767062                                     0.0
27    24    72.94518489934754                                     0.0
28    24    66.49060083951716                                     0.0
29    24    6.324555320336759                                     0.0
30    24    30.4138126514911                                     0.0
31    24    65.76473218982953                                     0.0
32    24    18.867962264113206                                     0.0
33    24    51.0                                     0.0
2    25    45.89117562233506                                     0.0
3    25    24.331050121192877                                     0.0
4    25    66.52818951391959                                     0.0
5    25    55.0                                     0.0
6    25    80.0                                     0.0
7    25    10.770329614269007                                     0.0
8    25    88.32326986700618                                     0.0
9    25    78.10889834071403                                     0.0
10    25    86.83893136145792                                     0.0
11    25    76.68767828015137                                     0.0
12    25    21.840329667841555                                     0.0
13    25    61.40032573203501                                     0.0
14    25    68.70953354520753                                     0.0
15    25    36.40054944640259                                     0.0
16    25    42.190046219457976                                     0.0
17    25    60.207972893961475                                     0.0
18    25    94.37160589923221                                     0.0
19    25    29.154759474226502                                     0.0
20    25    27.51363298439521                                     0.0
21    25    45.89117562233506                                     0.0
22    25    37.36308338453881                                     0.0
23    25    30.01666203960727                                     0.0
24    25    25.612496949731394                                     0.0
0    25    22.360679774997898                                     0.0
25    25    0.0                                     0.0
26    25    81.30190649671138                                     0.0
27    25    81.39410298049853                                     0.0
28    25    81.2219182240853                                     0.0
29    25    29.5296461204668                                     0.0
30    25    54.230987451824994                                     0.0
31    25    81.61494961096282                                     0.0
32    25    36.49657518178932                                     0.0
33    25    47.16990566028302                                     0.0
2    26    97.6933979345585                                     0.0
3    26    58.05170109479997                                     0.0
4    26    49.678969393496885                                     0.0
5    26    26.92582403567252                                     0.0
6    26    7.0710678118654755                                     0.0
7    26    85.05292469985967                                     0.0
8    26    31.25699921617557                                     0.0
9    26    32.7566787083184                                     0.0
10    26    44.14748010928823                                     0.0
11    26    10.816653826391969                                     0.0
12    26    76.2954782408499                                     0.0
13    26    20.0                                     0.0
14    26    36.235341863986875                                     0.0
15    26    95.2102935611481                                     0.0
16    26    47.43416490252569                                     0.0
17    26    48.83646178829912                                     0.0
18    26    34.23448553724738                                     0.0
19    26    72.80109889280519                                     0.0
20    26    91.98369420718001                                     0.0
21    26    39.395431207184416                                     0.0
22    26    95.50916186418976                                     0.0
23    26    55.57877292636101                                     0.0
24    26    66.2872536767062                                     0.0
25    26    81.30190649671138                                     0.0
0    26    61.07372593840988                                     0.0
26    26    0.0                                     0.0
27    26    22.02271554554524                                     0.0
28    26    1.0                                     0.0
29    26    69.6419413859206                                     0.0
30    26    73.81734213584231                                     0.0
31    26    3.0                                     0.0
32    26    80.4114419718985                                     0.0
33    26    52.009614495783374                                     0.0
2    27    107.33592129385204                                     0.0
3    27    57.0701322935211                                     0.0
4    27    67.53517601961218                                     0.0
5    27    29.154759474226502                                     0.0
6    27    15.0                                     0.0
7    27    87.64131445842195                                     0.0
8    27    10.295630140987                                     0.0
9    27    11.661903789690601                                     0.0
10    27    65.62011886609167                                     0.0
11    27    31.400636936215164                                     0.0
12    27    82.29216244576394                                     0.0
13    27    29.068883707497267                                     0.0
14    27    18.867962264113206                                     0.0
15    27    102.95630140987001                                     0.0
16    27    57.48912940721924                                     0.0
17    27    65.19202405202648                                     0.0
18    27    56.22277118748239                                     0.0
19    27    80.77747210701756                                     0.0
20    27    97.98979538707079                                     0.0
21    27    35.510561809129406                                     0.0
22    27    103.4456378974                                     0.0
23    27    61.773780845922005                                     0.0
24    27    72.94518489934754                                     0.0
25    27    81.39410298049853                                     0.0
26    27    22.02271554554524                                     0.0
0    27    65.0                                     0.0
27    27    0.0                                     0.0
28    27    21.02379604162864                                     0.0
29    27    77.69813382572325                                     0.0
30    27    87.78382538941898                                     0.0
31    27    25.019992006393608                                     0.0
32    27    89.87213138676528                                     0.0
33    27    41.23105625617661                                     0.0
2    28    98.08669634563088                                     0.0
3    28    57.87054518492115                                     0.0
4    28    50.44799302251776                                     0.0
5    28    26.68332812825267                                     0.0
6    28    6.082762530298219                                     0.0
7    28    85.09406559801923                                     0.0
8    28    30.265491900843113                                     0.0
9    28    31.78049716414141                                     0.0
10    28    45.12205669071391                                     0.0
11    28    11.661903789690601                                     0.0
12    28    76.48529270389177                                     0.0
13    28    20.024984394500787                                     0.0
14    28    35.35533905932738                                     0.0
15    28    95.50916186418976                                     0.0
16    28    47.75981574503821                                     0.0
17    28    49.51767361255979                                     0.0
18    28    35.22782990761707                                     0.0
19    28    73.08214556237385                                     0.0
20    28    92.19544457292888                                     0.0
21    28    39.0                                     0.0
22    28    95.81753492967766                                     0.0
23    28    55.731499172371095                                     0.0
24    28    66.49060083951716                                     0.0
25    28    81.2219182240853                                     0.0
26    28    1.0                                     0.0
27    28    21.02379604162864                                     0.0
0    28    61.1310068623117                                     0.0
28    28    0.0                                     0.0
29    28    69.92138442565336                                     0.0
30    28    74.4043009509531                                     0.0
31    28    4.0                                     0.0
32    28    80.77747210701756                                     0.0
33    28    51.40038910358559                                     0.0
2    29    29.832867780352597                                     0.0
3    29    31.622776601683793                                     0.0
4    29    39.824615503479755                                     0.0
5    29    48.54894437575342                                     0.0
6    29    70.9365914038728                                     0.0
7    29    24.08318915758459                                     0.0
8    29    86.83893136145792                                     0.0
9    29    78.74642849044012                                     0.0
10    29    61.84658438426491                                     0.0
11    29    61.814237842102365                                     0.0
12    29    9.433981132056603                                     0.0
13    29    50.695167422546305                                     0.0
14    29    71.42128534267638                                     0.0
15    29    25.632011235952593                                     0.0
16    29    22.360679774997898                                     0.0
17    29    34.0147027033899                                     0.0
18    29    72.56721022610694                                     0.0
19    29    3.1622776601683795                                     0.0
20    29    23.0                                     0.0
21    29    46.75467891024384                                     0.0
22    29    26.0                                     0.0
23    29    16.278820596099706                                     0.0
24    29    6.324555320336759                                     0.0
25    29    29.5296461204668                                     0.0
26    29    69.6419413859206                                     0.0
27    29    77.69813382572325                                     0.0
28    29    69.92138442565336                                     0.0
0    29    17.08800749063506                                     0.0
29    29    0.0                                     0.0
30    29    25.0                                     0.0
31    29    68.8839603971781                                     0.0
32    29    12.806248474865697                                     0.0
33    29    57.245087125446844                                     0.0
2    30    30.4138126514911                                     0.0
3    30    54.08326913195984                                     0.0
4    30    28.442925306655784                                     0.0
5    30    60.4648658313239                                     0.0
6    30    77.33692520394123                                     0.0
7    30    47.16990566028302                                     0.0
8    30    97.83659846908007                                     0.0
9    30    91.83681179135085                                     0.0
10    30    50.0                                     0.0
11    30    63.812224534175265                                     0.0
12    30    32.64965543462902                                     0.0
13    30    58.728187440104094                                     0.0
14    30    86.45229898620394                                     0.0
15    30    34.438350715445125                                     0.0
16    30    31.76476034853718                                     0.0
17    30    26.0                                     0.0
18    30    64.6297145282261                                     0.0
19    30    25.079872407968907                                     0.0
20    30    38.41874542459709                                     0.0
21    30    63.694583757176716                                     0.0
22    30    34.0147027033899                                     0.0
23    30    35.35533905932738                                     0.0
24    30    30.4138126514911                                     0.0
25    30    54.230987451824994                                     0.0
26    30    73.81734213584231                                     0.0
27    30    87.78382538941898                                     0.0
28    30    74.4043009509531                                     0.0
29    30    25.0                                     0.0
0    30    40.01249804748511                                     0.0
30    30    0.0                                     0.0
31    30    72.11102550927978                                     0.0
32    30    20.518284528683193                                     0.0
33    30    77.3692445355388                                     0.0
2    31    96.56603957913983                                     0.0
3    31    58.69412236331676                                     0.0
4    31    47.4236228055175                                     0.0
5    31    27.85677655436824                                     0.0
6    31    10.04987562112089                                     0.0
7    31    85.0                                     0.0
8    31    34.23448553724738                                     0.0
9    31    35.6931365951495                                     0.0
10    31    41.23105625617661                                     0.0
11    31    8.48528137423857                                     0.0
12    31    75.8023746329889                                     0.0
13    31    20.223748416156685                                     0.0
14    31    38.91015291668744                                     0.0
15    31    94.37160589923221                                     0.0
16    31    46.57252408878007                                     0.0
17    31    46.861498055439924                                     0.0
18    31    31.25699921617557                                     0.0
19    31    72.03471385380801                                     0.0
20    31    91.41115905621152                                     0.0
21    31    40.70626487409524                                     0.0
22    31    94.64142856064674                                     0.0
23    31    55.226805085936306                                     0.0
24    31    65.76473218982953                                     0.0
25    31    81.61494961096282                                     0.0
26    31    3.0                                     0.0
27    31    25.019992006393608                                     0.0
28    31    4.0                                     0.0
29    31    68.8839603971781                                     0.0
30    31    72.11102550927978                                     0.0
0    31    61.0                                     0.0
31    31    0.0                                     0.0
32    31    79.37883848986453                                     0.0
33    31    53.907327887774215                                     0.0
2    32    17.4928556845359                                     0.0
3    32    43.86342439892262                                     0.0
4    32    43.93176527297759                                     0.0
5    32    60.802960454241045                                     0.0
6    32    82.29216244576394                                     0.0
7    32    27.85677655436824                                     0.0
8    32    99.20181449953424                                     0.0
9    32    91.35097153287424                                     0.0
10    32    66.49060083951716                                     0.0
11    32    71.84010022264724                                     0.0
12    32    15.0                                     0.0
13    32    62.177166226839255                                     0.0
14    32    84.17244204607586                                     0.0
15    32    16.0312195418814                                     0.0
16    32    33.1058907144937                                     0.0
17    32    39.20459156782532                                     0.0
18    32    79.1580697086532                                     0.0
19    32    10.295630140987                                     0.0
20    32    18.027756377319946                                     0.0
21    32    59.54829972383762                                     0.0
22    32    16.0                                     0.0
23    32    29.0                                     0.0
24    32    18.867962264113206                                     0.0
25    32    36.49657518178932                                     0.0
26    32    80.4114419718985                                     0.0
27    32    89.87213138676528                                     0.0
28    32    80.77747210701756                                     0.0
29    32    12.806248474865697                                     0.0
30    32    20.518284528683193                                     0.0
31    32    79.37883848986453                                     0.0
0    32    29.5296461204668                                     0.0
32    32    0.0                                     0.0
33    32    69.83552104767315                                     0.0
2    33    85.44588931013593                                     0.0
3    33    26.40075756488817                                     0.0
4    33    70.57619995437555                                     0.0
5    33    29.154759474226502                                     0.0
6    33    47.16990566028302                                     0.0
7    33    56.22277118748239                                     0.0
8    33    45.0111097397076                                     0.0
9    33    34.0                                     0.0
10    33    81.15417426109393                                     0.0
11    33    53.907327887774215                                     0.0
12    33    57.201398584300364                                     0.0
13    33    38.27531841800928                                     0.0
14    33    24.0                                     0.0
15    33    78.10249675906654                                     0.0
16    33    47.16990566028302                                     0.0
17    33    65.19202405202648                                     0.0
18    33    79.88116173416608                                     0.0
19    33    59.53990258641679                                     0.0
20    33    70.7248188403477                                     0.0
21    33    16.76305461424021                                     0.0
22    33    78.87331614684399                                     0.0
23    33    42.37924020083418                                     0.0
24    33    51.0                                     0.0
25    33    47.16990566028302                                     0.0
26    33    52.009614495783374                                     0.0
27    33    41.23105625617661                                     0.0
28    33    51.40038910358559                                     0.0
29    33    57.245087125446844                                     0.0
30    33    77.3692445355388                                     0.0
31    33    53.907327887774215                                     0.0
32    33    69.83552104767315                                     0.0
0    33    40.311288741492746                                     0.0
33    33    0.0                                     0.0
