0    2    52.3450093132096                                     0.0
2    2    0.0                                     0.0
3    2    75.39230729988306                                     0.0
4    2    104.01922899156675                                     0.0
5    2    81.70679286326198                                     0.0
6    2    35.38361202590826                                     0.0
7    2    20.0                                     0.0
8    2    23.323807579381203                                     0.0
9    2    11.661903789690601                                     0.0
10    2    88.83692925805124                                     0.0
11    2    39.44616584663204                                     0.0
12    2    17.08800749063506                                     0.0
13    2    97.65244492586962                                     0.0
14    2    40.0                                     0.0
15    2    22.360679774997898                                     0.0
16    2    18.439088914585774                                     0.0
17    2    86.16263691415206                                     0.0
18    2    40.0                                     0.0
19    2    68.41052550594829                                     0.0
20    2    38.05259518088089                                     0.0
21    2    64.1248781675256                                     0.0
22    2    60.0                                     0.0
23    2    91.23595782365635                                     0.0
24    2    8.0                                     0.0
25    2    22.360679774997898                                     0.0
26    2    45.12205669071391                                     0.0
27    2    62.03224967708329                                     0.0
28    2    4.0                                     0.0
29    2    50.0                                     0.0
30    2    14.142135623730951                                     0.0
31    2    23.323807579381203                                     0.0
32    2    48.662100242385755                                     0.0
33    2    73.348483283569                                     0.0
34    2    84.8528137423857                                     0.0
2    0    52.3450093132096                                     0.0
3    0    38.47076812334269                                     0.0
4    0    76.15773105863909                                     0.0
5    0    33.94112549695428                                     0.0
6    0    31.622776601683793                                     0.0
7    0    40.24922359499622                                     0.0
8    0    36.71511950137164                                     0.0
9    0    48.703182647543684                                     0.0
10    0    57.271284253105414                                     0.0
11    0    31.622776601683793                                     0.0
12    0    62.03224967708329                                     0.0
13    0    68.0294054067798                                     0.0
14    0    36.05551275463989                                     0.0
15    0    31.622776601683793                                     0.0
16    0    42.04759208325728                                     0.0
17    0    47.20169488482379                                     0.0
18    0    69.42621983083913                                     0.0
19    0    27.784887978899608                                     0.0
20    0    69.65629906907199                                     0.0
21    0    12.165525060596439                                     0.0
22    0    42.190046219457976                                     0.0
23    0    54.91812087098393                                     0.0
24    0    60.29925372672534                                     0.0
25    0    44.27188724235731                                     0.0
26    0    65.29931086925804                                     0.0
27    0    17.08800749063506                                     0.0
28    0    52.03844732503075                                     0.0
29    0    66.03029607687671                                     0.0
30    0    38.8329756778952                                     0.0
31    0    42.37924020083418                                     0.0
32    0    69.65629906907199                                     0.0
33    0    74.72616676907762                                     0.0
34    0    36.71511950137164                                     0.0
2    3    75.39230729988306                                     0.0
0    3    38.47076812334269                                     0.0
3    3    0.0                                     0.0
4    3    37.94733192202055                                     0.0
5    3    58.309518948453004                                     0.0
6    3    68.11754546370561                                     0.0
7    3    56.32051136131489                                     0.0
8    3    52.49761899362675                                     0.0
9    3    66.48308055437865                                     0.0
10    3    18.973665961010276                                     0.0
11    3    36.87817782917155                                     0.0
12    3    76.94153624668537                                     0.0
13    3    29.732137494637012                                     0.0
14    3    38.2099463490856                                     0.0
15    3    53.665631459994955                                     0.0
16    3    58.240879114244144                                     0.0
17    3    10.770329614269007                                     0.0
18    3    71.02112361825881                                     0.0
19    3    10.770329614269007                                     0.0
20    3    72.69112738154499                                     0.0
21    3    32.55764119219941                                     0.0
22    3    23.40939982143925                                     0.0
23    3    16.97056274847714                                     0.0
24    3    82.87339742040264                                     0.0
25    3    76.83749084919418                                     0.0
26    3    62.0966987850401                                     0.0
27    3    51.419840528729765                                     0.0
28    3    76.96752561957543                                     0.0
29    3    59.464274989274024                                     0.0
30    3    61.741396161732524                                     0.0
31    3    75.28612089887484                                     0.0
32    3    65.14598989960932                                     0.0
33    3    53.74011537017761                                     0.0
34    3    21.2602916254693                                     0.0
2    4    104.01922899156675                                     0.0
3    4    37.94733192202055                                     0.0
0    4    76.15773105863909                                     0.0
4    4    0.0                                     0.0
5    4    94.19129471453293                                     0.0
6    4    104.30723848324239                                     0.0
7    4    84.02380615040002                                     0.0
8    4    80.91971329657564                                     0.0
9    4    93.23089616645332                                     0.0
10    4    18.973665961010276                                     0.0
11    4    65.11528238439882                                     0.0
12    4    100.23971268913334                                     0.0
13    4    8.246211251235321                                     0.0
14    4    64.03124237432849                                     0.0
15    4    84.8528137423857                                     0.0
16    4    85.60373823613078                                     0.0
17    4    32.0624390837628                                     0.0
18    4    85.44003745317531                                     0.0
19    4    48.703182647543684                                     0.0
20    4    87.93179174792243                                     0.0
21    4    70.3420215802759                                     0.0
22    4    44.04543109109048                                     0.0
23    4    24.0                                     0.0
24    4    110.43550153822818                                     0.0
25    4    110.63453348751464                                     0.0
26    4    74.72616676907762                                     0.0
27    4    89.28605714219886                                     0.0
28    4    106.5269918846862                                     0.0
29    4    69.85699678629192                                     0.0
30    4    92.02173656261873                                     0.0
31    4    109.34349546269316                                     0.0
32    4    75.7099729229908                                     0.0
33    4    50.039984012787215                                     0.0
34    4    52.03844732503075                                     0.0
2    5    81.70679286326198                                     0.0
3    5    58.309518948453004                                     0.0
4    5    94.19129471453293                                     0.0
0    5    33.94112549695428                                     0.0
5    5    0.0                                     0.0
6    5    50.35871324805669                                     0.0
7    5    73.23933369440222                                     0.0
8    5    70.0                                     0.0
9    5    80.62257748298549                                     0.0
10    5    76.0                                     0.0
11    5    65.29931086925804                                     0.0
12    5    94.02127418834527                                     0.0
13    5    86.09297300012354                                     0.0
14    5    69.65629906907199                                     0.0
15    5    63.812224534175265                                     0.0
16    5    74.88658090739622                                     0.0
17    5    62.12889826803627                                     0.0
18    5    103.32473082471591                                     0.0
19    5    49.03060268852505                                     0.0
20    5    103.47946656221224                                     0.0
21    5    28.635642126552707                                     0.0
22    5    71.69379331573968                                     0.0
23    5    70.25667228100119                                     0.0
24    5    89.19641248391103                                     0.0
25    5    66.75327707311455                                     0.0
26    5    99.15644204992432                                     0.0
27    5    19.697715603592208                                     0.0
28    5    80.32434251209281                                     0.0
29    5    99.6393496566492                                     0.0
30    5    69.77105417004964                                     0.0
31    5    64.77653896280658                                     0.0
32    5    103.47946656221224                                     0.0
33    5    105.60303025955268                                     0.0
34    5    42.7551166528639                                     0.0
2    6    35.38361202590826                                     0.0
3    6    68.11754546370561                                     0.0
4    6    104.30723848324239                                     0.0
5    6    50.35871324805669                                     0.0
0    6    31.622776601683793                                     0.0
6    6    0.0                                     0.0
7    6    37.36308338453881                                     0.0
8    6    36.49657518178932                                     0.0
9    6    39.44616584663204                                     0.0
10    6    86.02325267042627                                     0.0
11    6    44.721359549995796                                     0.0
12    6    51.22499389946279                                     0.0
13    6    96.51942809610924                                     0.0
14    6    48.373546489791295                                     0.0
15    6    28.284271247461902                                     0.0
16    6    37.94733192202055                                     0.0
17    6    77.79460135510689                                     0.0
18    6    69.07966415668217                                     0.0
19    6    58.0                                     0.0
20    6    68.0294054067798                                     0.0
21    6    42.941821107167776                                     0.0
22    6    63.90618123468183                                     0.0
23    6    85.0411665018772                                     0.0
24    6    41.617304093369626                                     0.0
25    6    16.492422502470642                                     0.0
26    6    69.85699678629192                                     0.0
27    6    32.0624390837628                                     0.0
28    6    32.802438933713454                                     0.0
29    6    72.99315036357864                                     0.0
30    6    28.635642126552707                                     0.0
31    6    14.560219778561036                                     0.0
32    6    74.21590126111789                                     0.0
33    6    90.19977827023745                                     0.0
34    6    68.26419266350405                                     0.0
2    7    20.0                                     0.0
3    7    56.32051136131489                                     0.0
4    7    84.02380615040002                                     0.0
5    7    73.23933369440222                                     0.0
6    7    37.36308338453881                                     0.0
0    7    40.24922359499622                                     0.0
7    7    0.0                                     0.0
8    7    4.0                                     0.0
9    7    10.198039027185569                                     0.0
10    7    68.96375859826666                                     0.0
11    7    19.697715603592208                                     0.0
12    7    22.360679774997898                                     0.0
13    7    77.6659513557904                                     0.0
14    7    20.0                                     0.0
15    7    10.0                                     0.0
16    7    2.0                                     0.0
17    7    67.05221845696084                                     0.0
18    7    32.2490309931942                                     0.0
19    7    50.35871324805669                                     0.0
20    7    31.622776601683793                                     0.0
21    7    50.59644256269407                                     0.0
22    7    40.0                                     0.0
23    7    71.69379331573968                                     0.0
24    7    26.832815729997478                                     0.0
25    7    32.55764119219941                                     0.0
26    7    32.55764119219941                                     0.0
27    7    54.037024344425184                                     0.0
28    7    22.627416997969522                                     0.0
29    7    36.05551275463989                                     0.0
30    7    10.198039027185569                                     0.0
31    7    32.2490309931942                                     0.0
32    7    36.87817782917155                                     0.0
33    7    56.32051136131489                                     0.0
34    7    68.0                                     0.0
2    8    23.323807579381203                                     0.0
3    8    52.49761899362675                                     0.0
4    8    80.91971329657564                                     0.0
5    8    70.0                                     0.0
6    8    36.49657518178932                                     0.0
7    8    4.0                                     0.0
0    8    36.71511950137164                                     0.0
8    8    0.0                                     0.0
9    8    14.142135623730951                                     0.0
10    8    65.5133574166368                                     0.0
11    8    16.1245154965971                                     0.0
12    8    26.30589287593181                                     0.0
13    8    74.4043009509531                                     0.0
14    8    16.97056274847714                                     0.0
15    8    8.246211251235321                                     0.0
16    8    6.0                                     0.0
17    8    63.245553203367585                                     0.0
18    8    34.40930106817051                                     0.0
19    8    46.389654018972806                                     0.0
20    8    34.058772731852805                                     0.0
21    8    46.8187996428785                                     0.0
22    8    36.87817782917155                                     0.0
23    8    68.0294054067798                                     0.0
24    8    30.463092423455635                                     0.0
25    8    33.52610922848042                                     0.0
26    8    33.52610922848042                                     0.0
27    8    50.99019513592785                                     0.0
28    8    25.612496949731394                                     0.0
29    8    36.49657518178932                                     0.0
30    8    11.661903789690601                                     0.0
31    8    32.984845004941285                                     0.0
32    8    37.94733192202055                                     0.0
33    8    55.31726674375732                                     0.0
34    8    64.0                                     0.0
2    9    11.661903789690601                                     0.0
3    9    66.48308055437865                                     0.0
4    9    93.23089616645332                                     0.0
5    9    80.62257748298549                                     0.0
6    9    39.44616584663204                                     0.0
7    9    10.198039027185569                                     0.0
8    9    14.142135623730951                                     0.0
0    9    48.703182647543684                                     0.0
9    9    0.0                                     0.0
10    9    78.71467461661771                                     0.0
11    9    29.732137494637012                                     0.0
12    9    13.416407864998739                                     0.0
13    9    87.13208364316786                                     0.0
14    9    29.5296461204668                                     0.0
15    9    17.08800749063506                                     0.0
16    9    8.246211251235321                                     0.0
17    9    77.20103626247513                                     0.0
18    9    30.59411708155671                                     0.0
19    9    60.530983801686226                                     0.0
20    9    29.120439557122072                                     0.0
21    9    59.665735560705194                                     0.0
22    9    49.39635614091387                                     0.0
23    9    81.70679286326198                                     0.0
24    9    17.204650534085253                                     0.0
25    9    30.265491900843113                                     0.0
26    9    34.23448553724738                                     0.0
27    9    61.05735008989499                                     0.0
28    9    15.231546211727817                                     0.0
29    9    38.8329756778952                                     0.0
30    9    11.313708498984761                                     0.0
31    9    30.59411708155671                                     0.0
32    9    38.05259518088089                                     0.0
33    9    61.741396161732524                                     0.0
34    9    78.02563681252464                                     0.0
2    10    88.83692925805124                                     0.0
3    10    18.973665961010276                                     0.0
4    10    18.973665961010276                                     0.0
5    10    76.0                                     0.0
6    10    86.02325267042627                                     0.0
7    10    68.96375859826666                                     0.0
8    10    65.5133574166368                                     0.0
9    10    78.71467461661771                                     0.0
0    10    57.271284253105414                                     0.0
10    10    0.0                                     0.0
11    10    49.39635614091387                                     0.0
12    10    87.31551981177229                                     0.0
13    10    10.770329614269007                                     0.0
14    10    49.193495504995376                                     0.0
15    10    68.41052550594829                                     0.0
16    10    70.71067811865476                                     0.0
17    10    14.560219778561036                                     0.0
18    10    76.23647421018367                                     0.0
19    10    29.732137494637012                                     0.0
20    10    78.40918313565064                                     0.0
21    10    51.419840528729765                                     0.0
22    10    29.732137494637012                                     0.0
23    10    8.48528137423857                                     0.0
24    10    95.77055915050303                                     0.0
25    10    93.33809511662427                                     0.0
26    10    66.03029607687671                                     0.0
27    10    70.3420215802759                                     0.0
28    10    90.97252332435328                                     0.0
29    10    62.03224967708329                                     0.0
30    10    76.02631123499285                                     0.0
31    10    91.93475947648963                                     0.0
32    10    68.0294054067798                                     0.0
33    10    48.33218389437829                                     0.0
34    10    34.92849839314596                                     0.0
2    11    39.44616584663204                                     0.0
3    11    36.87817782917155                                     0.0
4    11    65.11528238439882                                     0.0
5    11    65.29931086925804                                     0.0
6    11    44.721359549995796                                     0.0
7    11    19.697715603592208                                     0.0
8    11    16.1245154965971                                     0.0
9    11    29.732137494637012                                     0.0
10    11    49.39635614091387                                     0.0
0    11    31.622776601683793                                     0.0
11    11    0.0                                     0.0
12    11    40.19950248448356                                     0.0
13    11    58.412327466040935                                     0.0
14    11    4.47213595499958                                     0.0
15    11    20.0                                     0.0
16    11    21.540659228538015                                     0.0
17    11    47.53945729601885                                     0.0
18    11    39.44616584663204                                     0.0
19    11    32.0624390837628                                     0.0
20    11    40.24922359499622                                     0.0
21    11    38.41874542459709                                     0.0
22    11    21.2602916254693                                     0.0
23    11    52.0                                     0.0
24    11    46.51881339845203                                     0.0
25    11    46.647615158762406                                     0.0
26    11    33.94112549695428                                     0.0
27    11    48.373546489791295                                     0.0
28    11    41.617304093369626                                     0.0
29    11    34.40930106817051                                     0.0
30    11    26.90724809414742                                     0.0
31    11    45.65084884205331                                     0.0
32    11    38.2099463490856                                     0.0
33    11    46.04345773288535                                     0.0
34    11    50.635955604688654                                     0.0
2    12    17.08800749063506                                     0.0
3    12    76.94153624668537                                     0.0
4    12    100.23971268913334                                     0.0
5    12    94.02127418834527                                     0.0
6    12    51.22499389946279                                     0.0
7    12    22.360679774997898                                     0.0
8    12    26.30589287593181                                     0.0
9    12    13.416407864998739                                     0.0
10    12    87.31551981177229                                     0.0
11    12    40.19950248448356                                     0.0
0    12    62.03224967708329                                     0.0
12    12    0.0                                     0.0
13    12    94.847245611035                                     0.0
14    12    38.8329756778952                                     0.0
15    12    30.463092423455635                                     0.0
16    12    20.396078054371138                                     0.0
17    12    87.47571091451616                                     0.0
18    12    24.73863375370596                                     0.0
19    12    72.02777242147643                                     0.0
20    12    22.360679774997898                                     0.0
21    12    72.80109889280519                                     0.0
22    12    57.584720195551874                                     0.0
23    12    91.21403400793103                                     0.0
24    12    16.1245154965971                                     0.0
25    12    39.395431207184416                                     0.0
26    12    32.2490309931942                                     0.0
27    12    74.43117626371358                                     0.0
28    12    20.8806130178211                                     0.0
29    12    37.73592452822641                                     0.0
30    12    24.413111231467404                                     0.0
31    12    40.24922359499622                                     0.0
32    12    34.92849839314596                                     0.0
33    12    62.80127387243033                                     0.0
34    12    90.08884503644167                                     0.0
2    13    97.65244492586962                                     0.0
3    13    29.732137494637012                                     0.0
4    13    8.246211251235321                                     0.0
5    13    86.09297300012354                                     0.0
6    13    96.51942809610924                                     0.0
7    13    77.6659513557904                                     0.0
8    13    74.4043009509531                                     0.0
9    13    87.13208364316786                                     0.0
10    13    10.770329614269007                                     0.0
11    13    58.412327466040935                                     0.0
12    13    94.847245611035                                     0.0
0    13    68.0294054067798                                     0.0
13    13    0.0                                     0.0
14    13    57.688820407423826                                     0.0
15    13    77.89736837660179                                     0.0
16    13    79.32212806020776                                     0.0
17    13    24.0                                     0.0
18    13    81.58431221748455                                     0.0
19    13    40.496913462633174                                     0.0
20    13    83.95236744726142                                     0.0
21    13    62.0966987850401                                     0.0
22    13    37.73592452822641                                     0.0
23    13    16.1245154965971                                     0.0
24    13    104.30723848324239                                     0.0
25    13    103.32473082471591                                     0.0
26    13    71.02112361825881                                     0.0
27    13    81.04319835741924                                     0.0
28    13    100.0                                     0.0
29    13    66.48308055437865                                     0.0
30    13    85.27602242131137                                     0.0
31    13    101.9803902718557                                     0.0
32    13    72.44308110509934                                     0.0
33    13    49.03060268852505                                     0.0
34    13    44.181444068749045                                     0.0
2    14    40.0                                     0.0
3    14    38.2099463490856                                     0.0
4    14    64.03124237432849                                     0.0
5    14    69.65629906907199                                     0.0
6    14    48.373546489791295                                     0.0
7    14    20.0                                     0.0
8    14    16.97056274847714                                     0.0
9    14    29.5296461204668                                     0.0
10    14    49.193495504995376                                     0.0
11    14    4.47213595499958                                     0.0
12    14    38.8329756778952                                     0.0
13    14    57.688820407423826                                     0.0
0    14    36.05551275463989                                     0.0
14    14    0.0                                     0.0
15    14    22.360679774997898                                     0.0
16    14    21.633307652783937                                     0.0
17    14    48.662100242385755                                     0.0
18    14    35.77708763999664                                     0.0
19    14    34.52535300326414                                     0.0
20    14    36.76955262170047                                     0.0
21    14    42.5205832509386                                     0.0
22    14    20.0                                     0.0
23    14    52.49761899362675                                     0.0
24    14    46.647615158762406                                     0.0
25    14    49.193495504995376                                     0.0
26    14    29.732137494637012                                     0.0
27    14    52.839379254491625                                     0.0
28    14    42.5205832509386                                     0.0
29    14    30.0                                     0.0
30    14    28.42534080710379                                     0.0
31    14    48.33218389437829                                     0.0
32    14    33.94112549695428                                     0.0
33    14    42.0                                     0.0
34    14    53.36665625650534                                     0.0
2    15    22.360679774997898                                     0.0
3    15    53.665631459994955                                     0.0
4    15    84.8528137423857                                     0.0
5    15    63.812224534175265                                     0.0
6    15    28.284271247461902                                     0.0
7    15    10.0                                     0.0
8    15    8.246211251235321                                     0.0
9    15    17.08800749063506                                     0.0
10    15    68.41052550594829                                     0.0
11    15    20.0                                     0.0
12    15    30.463092423455635                                     0.0
13    15    77.89736837660179                                     0.0
14    15    22.360679774997898                                     0.0
0    15    31.622776601683793                                     0.0
15    15    0.0                                     0.0
16    15    11.313708498984761                                     0.0
17    15    64.40496875241847                                     0.0
18    15    42.190046219457976                                     0.0
19    15    46.17358552246078                                     0.0
20    15    41.617304093369626                                     0.0
21    15    42.7551166528639                                     0.0
22    15    41.23105625617661                                     0.0
23    15    69.9714227381436                                     0.0
24    15    30.265491900843113                                     0.0
25    15    26.832815729997478                                     0.0
26    15    41.7612260356422                                     0.0
27    15    44.40720662234904                                     0.0
28    15    23.40939982143925                                     0.0
29    15    44.721359549995796                                     0.0
30    15    8.246211251235321                                     0.0
31    15    26.0                                     0.0
32    15    46.17358552246078                                     0.0
33    15    62.80127387243033                                     0.0
34    15    62.51399843235114                                     0.0
2    16    18.439088914585774                                     0.0
3    16    58.240879114244144                                     0.0
4    16    85.60373823613078                                     0.0
5    16    74.88658090739622                                     0.0
6    16    37.94733192202055                                     0.0
7    16    2.0                                     0.0
8    16    6.0                                     0.0
9    16    8.246211251235321                                     0.0
10    16    70.71067811865476                                     0.0
11    16    21.540659228538015                                     0.0
12    16    20.396078054371138                                     0.0
13    16    79.32212806020776                                     0.0
14    16    21.633307652783937                                     0.0
15    16    11.313708498984761                                     0.0
0    16    42.04759208325728                                     0.0
16    16    0.0                                     0.0
17    16    68.96375859826666                                     0.0
18    16    31.304951684997057                                     0.0
19    16    52.3450093132096                                     0.0
20    16    30.528675044947494                                     0.0
21    16    52.49761899362675                                     0.0
22    16    41.617304093369626                                     0.0
23    16    73.53910524340094                                     0.0
24    16    25.059928172283335                                     0.0
25    16    32.2490309931942                                     0.0
26    16    32.2490309931942                                     0.0
27    16    55.60575509783138                                     0.0
28    16    21.2602916254693                                     0.0
29    16    36.0                                     0.0
30    16    10.0                                     0.0
31    16    32.0624390837628                                     0.0
32    16    36.49657518178932                                     0.0
33    16    56.92099788303083                                     0.0
34    16    70.0                                     0.0
2    17    86.16263691415206                                     0.0
3    17    10.770329614269007                                     0.0
4    17    32.0624390837628                                     0.0
5    17    62.12889826803627                                     0.0
6    17    77.79460135510689                                     0.0
7    17    67.05221845696084                                     0.0
8    17    63.245553203367585                                     0.0
9    17    77.20103626247513                                     0.0
10    17    14.560219778561036                                     0.0
11    17    47.53945729601885                                     0.0
12    17    87.47571091451616                                     0.0
13    17    24.0                                     0.0
14    17    48.662100242385755                                     0.0
15    17    64.40496875241847                                     0.0
16    17    68.96375859826666                                     0.0
0    17    47.20169488482379                                     0.0
17    17    0.0                                     0.0
18    17    80.39900496896712                                     0.0
19    17    19.79898987322333                                     0.0
20    17    82.21921916437786                                     0.0
21    17    39.395431207184416                                     0.0
22    17    32.2490309931942                                     0.0
23    17    8.246211251235321                                     0.0
24    17    93.637599285757                                     0.0
25    17    87.20091742636656                                     0.0
26    17    71.02112361825881                                     0.0
27    17    58.309518948453004                                     0.0
28    17    87.72684879784524                                     0.0
29    17    67.91170738539859                                     0.0
30    17    72.49827584156743                                     0.0
31    17    85.60373823613078                                     0.0
32    17    73.7563556583431                                     0.0
33    17    58.82176467941097                                     0.0
34    17    20.396078054371138                                     0.0
2    18    40.0                                     0.0
3    18    71.02112361825881                                     0.0
4    18    85.44003745317531                                     0.0
5    18    103.32473082471591                                     0.0
6    18    69.07966415668217                                     0.0
7    18    32.2490309931942                                     0.0
8    18    34.40930106817051                                     0.0
9    18    30.59411708155671                                     0.0
10    18    76.23647421018367                                     0.0
11    18    39.44616584663204                                     0.0
12    18    24.73863375370596                                     0.0
13    18    81.58431221748455                                     0.0
14    18    35.77708763999664                                     0.0
15    18    42.190046219457976                                     0.0
16    18    31.304951684997057                                     0.0
17    18    80.39900496896712                                     0.0
0    18    69.42621983083913                                     0.0
18    18    0.0                                     0.0
19    18    69.57010852370435                                     0.0
20    18    2.8284271247461903                                     0.0
21    18    77.6659513557904                                     0.0
22    18    48.16637831516918                                     0.0
23    18    82.0                                     0.0
24    18    40.792156108742276                                     0.0
25    18    60.8276253029822                                     0.0
26    18    10.770329614269007                                     0.0
27    18    84.8999411071645                                     0.0
28    18    44.0                                     0.0
29    18    16.1245154965971                                     0.0
30    18    40.496913462633174                                     0.0
31    18    61.18823416311342                                     0.0
32    18    11.313708498984761                                     0.0
33    18    41.23105625617661                                     0.0
34    18    88.54377448471462                                     0.0
2    19    68.41052550594829                                     0.0
3    19    10.770329614269007                                     0.0
4    19    48.703182647543684                                     0.0
5    19    49.03060268852505                                     0.0
6    19    58.0                                     0.0
7    19    50.35871324805669                                     0.0
8    19    46.389654018972806                                     0.0
9    19    60.530983801686226                                     0.0
10    19    29.732137494637012                                     0.0
11    19    32.0624390837628                                     0.0
12    19    72.02777242147643                                     0.0
13    19    40.496913462633174                                     0.0
14    19    34.52535300326414                                     0.0
15    19    46.17358552246078                                     0.0
16    19    52.3450093132096                                     0.0
17    19    19.79898987322333                                     0.0
18    19    69.57010852370435                                     0.0
0    19    27.784887978899608                                     0.0
19    19    0.0                                     0.0
20    19    70.8801805866774                                     0.0
21    19    22.090722034374522                                     0.0
22    19    25.45584412271571                                     0.0
23    19    27.202941017470888                                     0.0
24    19    76.15773105863909                                     0.0
25    19    67.67569726275453                                     0.0
26    19    61.741396161732524                                     0.0
27    19    40.792156108742276                                     0.0
28    19    69.57010852370435                                     0.0
29    19    60.03332407921454                                     0.0
30    19    54.405882034941776                                     0.0
31    19    66.03029607687671                                     0.0
32    19    65.29931086925804                                     0.0
33    19    58.82176467941097                                     0.0
34    19    18.973665961010276                                     0.0
2    20    38.05259518088089                                     0.0
3    20    72.69112738154499                                     0.0
4    20    87.93179174792243                                     0.0
5    20    103.47946656221224                                     0.0
6    20    68.0294054067798                                     0.0
7    20    31.622776601683793                                     0.0
8    20    34.058772731852805                                     0.0
9    20    29.120439557122072                                     0.0
10    20    78.40918313565064                                     0.0
11    20    40.24922359499622                                     0.0
12    20    22.360679774997898                                     0.0
13    20    83.95236744726142                                     0.0
14    20    36.76955262170047                                     0.0
15    20    41.617304093369626                                     0.0
16    20    30.528675044947494                                     0.0
17    20    82.21921916437786                                     0.0
18    20    2.8284271247461903                                     0.0
19    20    70.8801805866774                                     0.0
0    20    69.65629906907199                                     0.0
20    20    0.0                                     0.0
21    20    78.23042886243178                                     0.0
22    20    50.039984012787215                                     0.0
23    20    84.02380615040002                                     0.0
24    20    38.47076812334269                                     0.0
25    20    59.22837157984339                                     0.0
26    20    13.416407864998739                                     0.0
27    20    84.8528137423857                                     0.0
28    20    42.04759208325728                                     0.0
29    20    18.867962264113206                                     0.0
30    20    39.395431207184416                                     0.0
31    20    59.665735560705194                                     0.0
32    20    14.142135623730951                                     0.0
33    20    44.04543109109048                                     0.0
34    20    89.8443097808648                                     0.0
2    21    64.1248781675256                                     0.0
3    21    32.55764119219941                                     0.0
4    21    70.3420215802759                                     0.0
5    21    28.635642126552707                                     0.0
6    21    42.941821107167776                                     0.0
7    21    50.59644256269407                                     0.0
8    21    46.8187996428785                                     0.0
9    21    59.665735560705194                                     0.0
10    21    51.419840528729765                                     0.0
11    21    38.41874542459709                                     0.0
12    21    72.80109889280519                                     0.0
13    21    62.0966987850401                                     0.0
14    21    42.5205832509386                                     0.0
15    21    42.7551166528639                                     0.0
16    21    52.49761899362675                                     0.0
17    21    39.395431207184416                                     0.0
18    21    77.6659513557904                                     0.0
19    21    22.090722034374522                                     0.0
20    21    78.23042886243178                                     0.0
0    21    12.165525060596439                                     0.0
21    21    0.0                                     0.0
22    21    43.08131845707603                                     0.0
23    21    47.53945729601885                                     0.0
24    21    72.11102550927978                                     0.0
25    21    56.32051136131489                                     0.0
26    21    72.24956747275377                                     0.0
27    21    18.973665961010276                                     0.0
28    21    64.0                                     0.0
29    21    72.13875518748573                                     0.0
30    21    50.35871324805669                                     0.0
31    21    54.405882034941776                                     0.0
32    21    76.4198926981712                                     0.0
33    21    76.96752561957543                                     0.0
34    21    25.612496949731394                                     0.0
2    22    60.0                                     0.0
3    22    23.40939982143925                                     0.0
4    22    44.04543109109048                                     0.0
5    22    71.69379331573968                                     0.0
6    22    63.90618123468183                                     0.0
7    22    40.0                                     0.0
8    22    36.87817782917155                                     0.0
9    22    49.39635614091387                                     0.0
10    22    29.732137494637012                                     0.0
11    22    21.2602916254693                                     0.0
12    22    57.584720195551874                                     0.0
13    22    37.73592452822641                                     0.0
14    22    20.0                                     0.0
15    22    41.23105625617661                                     0.0
16    22    41.617304093369626                                     0.0
17    22    32.2490309931942                                     0.0
18    22    48.16637831516918                                     0.0
19    22    25.45584412271571                                     0.0
20    22    50.039984012787215                                     0.0
21    22    43.08131845707603                                     0.0
0    22    42.190046219457976                                     0.0
22    22    0.0                                     0.0
23    22    34.23448553724738                                     0.0
24    22    66.57326790837296                                     0.0
25    22    67.67569726275453                                     0.0
26    22    38.8329756778952                                     0.0
27    22    58.855755878248644                                     0.0
28    22    62.48199740725323                                     0.0
29    22    36.05551275463989                                     0.0
30    22    48.08326112068523                                     0.0
31    22    66.57326790837296                                     0.0
32    22    41.7612260356422                                     0.0
33    22    34.0                                     0.0
34    22    43.266615305567875                                     0.0
2    23    91.23595782365635                                     0.0
3    23    16.97056274847714                                     0.0
4    23    24.0                                     0.0
5    23    70.25667228100119                                     0.0
6    23    85.0411665018772                                     0.0
7    23    71.69379331573968                                     0.0
8    23    68.0294054067798                                     0.0
9    23    81.70679286326198                                     0.0
10    23    8.48528137423857                                     0.0
11    23    52.0                                     0.0
12    23    91.21403400793103                                     0.0
13    23    16.1245154965971                                     0.0
14    23    52.49761899362675                                     0.0
15    23    69.9714227381436                                     0.0
16    23    73.53910524340094                                     0.0
17    23    8.246211251235321                                     0.0
18    23    82.0                                     0.0
19    23    27.202941017470888                                     0.0
20    23    84.02380615040002                                     0.0
21    23    47.53945729601885                                     0.0
22    23    34.23448553724738                                     0.0
0    23    54.91812087098393                                     0.0
23    23    0.0                                     0.0
24    23    98.48857801796105                                     0.0
25    23    93.72299611087985                                     0.0
26    23    72.11102550927978                                     0.0
27    23    66.48308055437865                                     0.0
28    23    93.05912099305473                                     0.0
29    23    68.46897107449476                                     0.0
30    23    77.89736837660179                                     0.0
31    23    92.19544457292888                                     0.0
32    23    74.43117626371358                                     0.0
33    23    56.356011214421486                                     0.0
34    23    28.071337695236398                                     0.0
2    24    8.0                                     0.0
3    24    82.87339742040264                                     0.0
4    24    110.43550153822818                                     0.0
5    24    89.19641248391103                                     0.0
6    24    41.617304093369626                                     0.0
7    24    26.832815729997478                                     0.0
8    24    30.463092423455635                                     0.0
9    24    17.204650534085253                                     0.0
10    24    95.77055915050303                                     0.0
11    24    46.51881339845203                                     0.0
12    24    16.1245154965971                                     0.0
13    24    104.30723848324239                                     0.0
14    24    46.647615158762406                                     0.0
15    24    30.265491900843113                                     0.0
16    24    25.059928172283335                                     0.0
17    24    93.637599285757                                     0.0
18    24    40.792156108742276                                     0.0
19    24    76.15773105863909                                     0.0
20    24    38.47076812334269                                     0.0
21    24    72.11102550927978                                     0.0
22    24    66.57326790837296                                     0.0
23    24    98.48857801796105                                     0.0
0    24    60.29925372672534                                     0.0
24    24    0.0                                     0.0
25    24    26.90724809414742                                     0.0
26    24    47.53945729601885                                     0.0
27    24    69.57010852370435                                     0.0
28    24    8.94427190999916                                     0.0
29    24    52.80151512977634                                     0.0
30    24    22.090722034374522                                     0.0
31    24    28.284271247461902                                     0.0
32    24    50.59644256269407                                     0.0
33    24    77.17512552629896                                     0.0
34    24    92.77930803794561                                     0.0
2    25    22.360679774997898                                     0.0
3    25    76.83749084919418                                     0.0
4    25    110.63453348751464                                     0.0
5    25    66.75327707311455                                     0.0
6    25    16.492422502470642                                     0.0
7    25    32.55764119219941                                     0.0
8    25    33.52610922848042                                     0.0
9    25    30.265491900843113                                     0.0
10    25    93.33809511662427                                     0.0
11    25    46.647615158762406                                     0.0
12    25    39.395431207184416                                     0.0
13    25    103.32473082471591                                     0.0
14    25    49.193495504995376                                     0.0
15    25    26.832815729997478                                     0.0
16    25    32.2490309931942                                     0.0
17    25    87.20091742636656                                     0.0
18    25    60.8276253029822                                     0.0
19    25    67.67569726275453                                     0.0
20    25    59.22837157984339                                     0.0
21    25    56.32051136131489                                     0.0
22    25    67.67569726275453                                     0.0
23    25    93.72299611087985                                     0.0
24    25    26.90724809414742                                     0.0
0    25    44.27188724235731                                     0.0
25    25    0.0                                     0.0
26    25    64.0                                     0.0
27    25    48.041648597857254                                     0.0
28    25    18.867962264113206                                     0.0
29    25    68.11754546370561                                     0.0
30    25    22.360679774997898                                     0.0
31    25    2.0                                     0.0
32    25    68.0294054067798                                     0.0
33    25    88.76936408468859                                     0.0
34    25    80.62257748298549                                     0.0
2    26    45.12205669071391                                     0.0
3    26    62.0966987850401                                     0.0
4    26    74.72616676907762                                     0.0
5    26    99.15644204992432                                     0.0
6    26    69.85699678629192                                     0.0
7    26    32.55764119219941                                     0.0
8    26    33.52610922848042                                     0.0
9    26    34.23448553724738                                     0.0
10    26    66.03029607687671                                     0.0
11    26    33.94112549695428                                     0.0
12    26    32.2490309931942                                     0.0
13    26    71.02112361825881                                     0.0
14    26    29.732137494637012                                     0.0
15    26    41.7612260356422                                     0.0
16    26    32.2490309931942                                     0.0
17    26    71.02112361825881                                     0.0
18    26    10.770329614269007                                     0.0
19    26    61.741396161732524                                     0.0
20    26    13.416407864998739                                     0.0
21    26    72.24956747275377                                     0.0
22    26    38.8329756778952                                     0.0
23    26    72.11102550927978                                     0.0
24    26    47.53945729601885                                     0.0
25    26    64.0                                     0.0
0    26    65.29931086925804                                     0.0
26    26    0.0                                     0.0
27    26    81.60882305241266                                     0.0
28    26    49.03060268852505                                     0.0
29    26    5.656854249492381                                     0.0
30    26    42.190046219457976                                     0.0
31    26    64.03124237432849                                     0.0
32    26    4.47213595499958                                     0.0
33    26    31.11269837220809                                     0.0
34    26    80.62257748298549                                     0.0
2    27    62.03224967708329                                     0.0
3    27    51.419840528729765                                     0.0
4    27    89.28605714219886                                     0.0
5    27    19.697715603592208                                     0.0
6    27    32.0624390837628                                     0.0
7    27    54.037024344425184                                     0.0
8    27    50.99019513592785                                     0.0
9    27    61.05735008989499                                     0.0
10    27    70.3420215802759                                     0.0
11    27    48.373546489791295                                     0.0
12    27    74.43117626371358                                     0.0
13    27    81.04319835741924                                     0.0
14    27    52.839379254491625                                     0.0
15    27    44.40720662234904                                     0.0
16    27    55.60575509783138                                     0.0
17    27    58.309518948453004                                     0.0
18    27    84.8999411071645                                     0.0
19    27    40.792156108742276                                     0.0
20    27    84.8528137423857                                     0.0
21    27    18.973665961010276                                     0.0
22    27    58.855755878248644                                     0.0
23    27    66.48308055437865                                     0.0
24    27    69.57010852370435                                     0.0
25    27    48.041648597857254                                     0.0
26    27    81.60882305241266                                     0.0
0    27    17.08800749063506                                     0.0
27    27    0.0                                     0.0
28    27    60.728905802755904                                     0.0
29    27    82.68010643437755                                     0.0
30    27    50.11985634456667                                     0.0
31    27    46.04345773288535                                     0.0
32    27    86.02325267042627                                     0.0
33    27    91.76055797563569                                     0.0
34    27    42.80186911806539                                     0.0
2    28    4.0                                     0.0
3    28    76.96752561957543                                     0.0
4    28    106.5269918846862                                     0.0
5    28    80.32434251209281                                     0.0
6    28    32.802438933713454                                     0.0
7    28    22.627416997969522                                     0.0
8    28    25.612496949731394                                     0.0
9    28    15.231546211727817                                     0.0
10    28    90.97252332435328                                     0.0
11    28    41.617304093369626                                     0.0
12    28    20.8806130178211                                     0.0
13    28    100.0                                     0.0
14    28    42.5205832509386                                     0.0
15    28    23.40939982143925                                     0.0
16    28    21.2602916254693                                     0.0
17    28    87.72684879784524                                     0.0
18    28    44.0                                     0.0
19    28    69.57010852370435                                     0.0
20    28    42.04759208325728                                     0.0
21    28    64.0                                     0.0
22    28    62.48199740725323                                     0.0
23    28    93.05912099305473                                     0.0
24    28    8.94427190999916                                     0.0
25    28    18.867962264113206                                     0.0
26    28    49.03060268852505                                     0.0
27    28    60.728905802755904                                     0.0
0    28    52.03844732503075                                     0.0
28    28    0.0                                     0.0
29    28    53.85164807134504                                     0.0
30    28    15.231546211727817                                     0.0
31    28    20.0                                     0.0
32    28    52.61178575186362                                     0.0
33    28    76.96752561957543                                     0.0
34    28    85.5102333057278                                     0.0
2    29    50.0                                     0.0
3    29    59.464274989274024                                     0.0
4    29    69.85699678629192                                     0.0
5    29    99.6393496566492                                     0.0
6    29    72.99315036357864                                     0.0
7    29    36.05551275463989                                     0.0
8    29    36.49657518178932                                     0.0
9    29    38.8329756778952                                     0.0
10    29    62.03224967708329                                     0.0
11    29    34.40930106817051                                     0.0
12    29    37.73592452822641                                     0.0
13    29    66.48308055437865                                     0.0
14    29    30.0                                     0.0
15    29    44.721359549995796                                     0.0
16    29    36.0                                     0.0
17    29    67.91170738539859                                     0.0
18    29    16.1245154965971                                     0.0
19    29    60.03332407921454                                     0.0
20    29    18.867962264113206                                     0.0
21    29    72.13875518748573                                     0.0
22    29    36.05551275463989                                     0.0
23    29    68.46897107449476                                     0.0
24    29    52.80151512977634                                     0.0
25    29    68.11754546370561                                     0.0
26    29    5.656854249492381                                     0.0
27    29    82.68010643437755                                     0.0
28    29    53.85164807134504                                     0.0
0    29    66.03029607687671                                     0.0
29    29    0.0                                     0.0
30    29    46.0                                     0.0
31    29    68.0294054067798                                     0.0
32    29    6.0                                     0.0
33    29    25.45584412271571                                     0.0
34    29    78.71467461661771                                     0.0
2    30    14.142135623730951                                     0.0
3    30    61.741396161732524                                     0.0
4    30    92.02173656261873                                     0.0
5    30    69.77105417004964                                     0.0
6    30    28.635642126552707                                     0.0
7    30    10.198039027185569                                     0.0
8    30    11.661903789690601                                     0.0
9    30    11.313708498984761                                     0.0
10    30    76.02631123499285                                     0.0
11    30    26.90724809414742                                     0.0
12    30    24.413111231467404                                     0.0
13    30    85.27602242131137                                     0.0
14    30    28.42534080710379                                     0.0
15    30    8.246211251235321                                     0.0
16    30    10.0                                     0.0
17    30    72.49827584156743                                     0.0
18    30    40.496913462633174                                     0.0
19    30    54.405882034941776                                     0.0
20    30    39.395431207184416                                     0.0
21    30    50.35871324805669                                     0.0
22    30    48.08326112068523                                     0.0
23    30    77.89736837660179                                     0.0
24    30    22.090722034374522                                     0.0
25    30    22.360679774997898                                     0.0
26    30    42.190046219457976                                     0.0
27    30    50.11985634456667                                     0.0
28    30    15.231546211727817                                     0.0
29    30    46.0                                     0.0
0    30    38.8329756778952                                     0.0
30    30    0.0                                     0.0
31    30    22.090722034374522                                     0.0
32    30    46.389654018972806                                     0.0
33    30    66.48308055437865                                     0.0
34    30    70.71067811865476                                     0.0
2    31    23.323807579381203                                     0.0
3    31    75.28612089887484                                     0.0
4    31    109.34349546269316                                     0.0
5    31    64.77653896280658                                     0.0
6    31    14.560219778561036                                     0.0
7    31    32.2490309931942                                     0.0
8    31    32.984845004941285                                     0.0
9    31    30.59411708155671                                     0.0
10    31    91.93475947648963                                     0.0
11    31    45.65084884205331                                     0.0
12    31    40.24922359499622                                     0.0
13    31    101.9803902718557                                     0.0
14    31    48.33218389437829                                     0.0
15    31    26.0                                     0.0
16    31    32.0624390837628                                     0.0
17    31    85.60373823613078                                     0.0
18    31    61.18823416311342                                     0.0
19    31    66.03029607687671                                     0.0
20    31    59.665735560705194                                     0.0
21    31    54.405882034941776                                     0.0
22    31    66.57326790837296                                     0.0
23    31    92.19544457292888                                     0.0
24    31    28.284271247461902                                     0.0
25    31    2.0                                     0.0
26    31    64.03124237432849                                     0.0
27    31    46.04345773288535                                     0.0
28    31    20.0                                     0.0
29    31    68.0294054067798                                     0.0
30    31    22.090722034374522                                     0.0
0    31    42.37924020083418                                     0.0
31    31    0.0                                     0.0
32    31    68.11754546370561                                     0.0
33    31    88.29496021857646                                     0.0
34    31    78.79086241436883                                     0.0
2    32    48.662100242385755                                     0.0
3    32    65.14598989960932                                     0.0
4    32    75.7099729229908                                     0.0
5    32    103.47946656221224                                     0.0
6    32    74.21590126111789                                     0.0
7    32    36.87817782917155                                     0.0
8    32    37.94733192202055                                     0.0
9    32    38.05259518088089                                     0.0
10    32    68.0294054067798                                     0.0
11    32    38.2099463490856                                     0.0
12    32    34.92849839314596                                     0.0
13    32    72.44308110509934                                     0.0
14    32    33.94112549695428                                     0.0
15    32    46.17358552246078                                     0.0
16    32    36.49657518178932                                     0.0
17    32    73.7563556583431                                     0.0
18    32    11.313708498984761                                     0.0
19    32    65.29931086925804                                     0.0
20    32    14.142135623730951                                     0.0
21    32    76.4198926981712                                     0.0
22    32    41.7612260356422                                     0.0
23    32    74.43117626371358                                     0.0
24    32    50.59644256269407                                     0.0
25    32    68.0294054067798                                     0.0
26    32    4.47213595499958                                     0.0
27    32    86.02325267042627                                     0.0
28    32    52.61178575186362                                     0.0
29    32    6.0                                     0.0
30    32    46.389654018972806                                     0.0
31    32    68.11754546370561                                     0.0
0    32    69.65629906907199                                     0.0
32    32    0.0                                     0.0
33    32    30.0                                     0.0
34    32    84.09518416651456                                     0.0
2    33    73.348483283569                                     0.0
3    33    53.74011537017761                                     0.0
4    33    50.039984012787215                                     0.0
5    33    105.60303025955268                                     0.0
6    33    90.19977827023745                                     0.0
7    33    56.32051136131489                                     0.0
8    33    55.31726674375732                                     0.0
9    33    61.741396161732524                                     0.0
10    33    48.33218389437829                                     0.0
11    33    46.04345773288535                                     0.0
12    33    62.80127387243033                                     0.0
13    33    49.03060268852505                                     0.0
14    33    42.0                                     0.0
15    33    62.80127387243033                                     0.0
16    33    56.92099788303083                                     0.0
17    33    58.82176467941097                                     0.0
18    33    41.23105625617661                                     0.0
19    33    58.82176467941097                                     0.0
20    33    44.04543109109048                                     0.0
21    33    76.96752561957543                                     0.0
22    33    34.0                                     0.0
23    33    56.356011214421486                                     0.0
24    33    77.17512552629896                                     0.0
25    33    88.76936408468859                                     0.0
26    33    31.11269837220809                                     0.0
27    33    91.76055797563569                                     0.0
28    33    76.96752561957543                                     0.0
29    33    25.45584412271571                                     0.0
30    33    66.48308055437865                                     0.0
31    33    88.29496021857646                                     0.0
32    33    30.0                                     0.0
0    33    74.72616676907762                                     0.0
33    33    0.0                                     0.0
34    33    74.96665925596525                                     0.0
2    34    84.8528137423857                                     0.0
3    34    21.2602916254693                                     0.0
4    34    52.03844732503075                                     0.0
5    34    42.7551166528639                                     0.0
6    34    68.26419266350405                                     0.0
7    34    68.0                                     0.0
8    34    64.0                                     0.0
9    34    78.02563681252464                                     0.0
10    34    34.92849839314596                                     0.0
11    34    50.635955604688654                                     0.0
12    34    90.08884503644167                                     0.0
13    34    44.181444068749045                                     0.0
14    34    53.36665625650534                                     0.0
15    34    62.51399843235114                                     0.0
16    34    70.0                                     0.0
17    34    20.396078054371138                                     0.0
18    34    88.54377448471462                                     0.0
19    34    18.973665961010276                                     0.0
20    34    89.8443097808648                                     0.0
21    34    25.612496949731394                                     0.0
22    34    43.266615305567875                                     0.0
23    34    28.071337695236398                                     0.0
24    34    92.77930803794561                                     0.0
25    34    80.62257748298549                                     0.0
26    34    80.62257748298549                                     0.0
27    34    42.80186911806539                                     0.0
28    34    85.5102333057278                                     0.0
29    34    78.71467461661771                                     0.0
30    34    70.71067811865476                                     0.0
31    34    78.79086241436883                                     0.0
32    34    84.09518416651456                                     0.0
33    34    74.96665925596525                                     0.0
0    34    36.71511950137164                                     0.0
34    34    0.0                                     0.0
