0    2    71.69379331573968                                     0.0
2    2    0.0                                     0.0
3    2    80.99382692526635                                     0.0
4    2    12.165525060596439                                     0.0
5    2    21.540659228538015                                     0.0
6    2    84.8528137423857                                     0.0
7    2    34.058772731852805                                     0.0
8    2    84.2140130857092                                     0.0
9    2    56.0357029044876                                     0.0
10    2    63.245553203367585                                     0.0
11    2    41.23105625617661                                     0.0
12    2    93.68030742904295                                     0.0
13    2    16.1245154965971                                     0.0
14    2    90.0                                     0.0
15    2    79.62411694957753                                     0.0
16    2    111.51681487560519                                     0.0
17    2    25.059928172283335                                     0.0
18    2    84.8528137423857                                     0.0
19    2    44.40720662234904                                     0.0
20    2    42.42640687119285                                     0.0
21    2    86.37129152675674                                     0.0
22    2    48.373546489791295                                     0.0
23    2    92.77930803794561                                     0.0
24    2    50.59644256269407                                     0.0
25    2    76.02631123499285                                     0.0
26    2    28.844410203711913                                     0.0
27    2    26.076809620810597                                     0.0
28    2    92.19544457292888                                     0.0
29    2    56.32051136131489                                     0.0
30    2    32.2490309931942                                     0.0
31    2    34.0                                     0.0
32    2    59.665735560705194                                     0.0
33    2    87.86353054595519                                     0.0
34    2    58.309518948453004                                     0.0
35    2    34.058772731852805                                     0.0
36    2    58.82176467941097                                     0.0
37    2    87.72684879784524                                     0.0
38    2    61.35144660071187                                     0.0
2    0    71.69379331573968                                     0.0
3    0    16.1245154965971                                     0.0
4    0    69.85699678629192                                     0.0
5    0    75.28612089887484                                     0.0
6    0    43.86342439892262                                     0.0
7    0    43.86342439892262                                     0.0
8    0    38.47076812334269                                     0.0
9    0    38.47076812334269                                     0.0
10    0    16.1245154965971                                     0.0
11    0    30.463092423455635                                     0.0
12    0    59.09314681077663                                     0.0
13    0    59.665735560705194                                     0.0
14    0    26.68332812825267                                     0.0
15    0    8.48528137423857                                     0.0
16    0    42.5205832509386                                     0.0
17    0    73.59347797189639                                     0.0
18    0    32.55764119219941                                     0.0
19    0    31.11269837220809                                     0.0
20    0    32.55764119219941                                     0.0
21    0    28.284271247461902                                     0.0
22    0    24.331050121192877                                     0.0
23    0    47.70744176750625                                     0.0
24    0    53.85164807134504                                     0.0
25    0    6.324555320336759                                     0.0
26    0    60.8276253029822                                     0.0
27    0    52.3450093132096                                     0.0
28    0    53.665631459994955                                     0.0
29    0    35.4400902933387                                     0.0
30    0    41.617304093369626                                     0.0
31    0    37.94733192202055                                     0.0
32    0    42.7551166528639                                     0.0
33    0    22.360679774997898                                     0.0
34    0    42.190046219457976                                     0.0
35    0    41.23105625617661                                     0.0
36    0    55.569775957799216                                     0.0
37    0    32.0624390837628                                     0.0
38    0    48.662100242385755                                     0.0
2    3    80.99382692526635                                     0.0
0    3    16.1245154965971                                     0.0
3    3    0.0                                     0.0
4    3    76.96752561957543                                     0.0
5    3    87.72684879784524                                     0.0
6    3    58.240879114244144                                     0.0
7    3    57.201398584300364                                     0.0
8    3    52.49761899362675                                     0.0
9    3    36.05551275463989                                     0.0
10    3    17.88854381999832                                     0.0
11    3    41.036569057366385                                     0.0
12    3    73.37574531137656                                     0.0
13    3    67.08203932499369                                     0.0
14    3    10.770329614269007                                     0.0
15    3    10.770329614269007                                     0.0
16    3    30.528675044947494                                     0.0
17    3    86.55634003352961                                     0.0
18    3    17.88854381999832                                     0.0
19    3    44.94441010848846                                     0.0
20    3    46.04345773288535                                     0.0
21    3    40.24922359499622                                     0.0
22    3    32.802438933713454                                     0.0
23    3    60.92618484691127                                     0.0
24    3    52.15361924162119                                     0.0
25    3    10.0                                     0.0
26    3    74.4043009509531                                     0.0
27    3    58.309518948453004                                     0.0
28    3    67.67569726275453                                     0.0
29    3    51.419840528729765                                     0.0
30    3    53.81449618829484                                     0.0
31    3    47.20169488482379                                     0.0
32    3    58.855755878248644                                     0.0
33    3    31.622776601683793                                     0.0
34    3    38.47076812334269                                     0.0
35    3    54.037024344425184                                     0.0
36    3    51.419840528729765                                     0.0
37    3    16.492422502470642                                     0.0
38    3    64.77653896280658                                     0.0
2    4    12.165525060596439                                     0.0
3    4    76.96752561957543                                     0.0
0    4    69.85699678629192                                     0.0
4    4    0.0                                     0.0
5    4    33.52610922848042                                     0.0
6    4    89.28605714219886                                     0.0
7    4    38.62641583165593                                     0.0
8    4    87.86353054595519                                     0.0
9    4    48.08326112068523                                     0.0
10    4    59.09314681077663                                     0.0
11    4    40.19950248448356                                     0.0
12    4    99.53893710503444                                     0.0
13    4    10.198039027185569                                     0.0
14    4    85.0881895447306                                     0.0
15    4    77.20103626247513                                     0.0
16    4    107.33126291998991                                     0.0
17    4    36.76955262170047                                     0.0
18    4    78.40918313565064                                     0.0
19    4    46.389654018972806                                     0.0
20    4    44.40720662234904                                     0.0
21    4    88.09086218218096                                     0.0
22    4    45.60701700396552                                     0.0
23    4    97.01546268507923                                     0.0
24    4    40.24922359499622                                     0.0
25    4    73.37574531137656                                     0.0
26    4    38.2099463490856                                     0.0
27    4    18.867962264113206                                     0.0
28    4    97.40636529508737                                     0.0
29    4    60.728905802755904                                     0.0
30    4    34.92849839314596                                     0.0
31    4    32.2490309931942                                     0.0
32    4    65.39113089708727                                     0.0
33    4    88.20430828479978                                     0.0
34    4    49.678969393496885                                     0.0
35    4    37.36308338453881                                     0.0
36    4    48.33218389437829                                     0.0
37    4    81.60882305241266                                     0.0
38    4    68.0                                     0.0
2    5    21.540659228538015                                     0.0
3    5    87.72684879784524                                     0.0
4    5    33.52610922848042                                     0.0
0    5    75.28612089887484                                     0.0
5    5    0.0                                     0.0
6    5    76.4198926981712                                     0.0
7    5    31.622776601683793                                     0.0
8    5    77.27871634544663                                     0.0
9    5    70.22819946431775                                     0.0
10    5    71.21797525905943                                     0.0
11    5    46.861498055439924                                     0.0
12    5    82.21921916437786                                     0.0
13    5    34.0                                     0.0
14    5    97.83659846908007                                     0.0
15    5    83.73768566183328                                     0.0
16    5    117.45637488020819                                     0.0
17    5    4.47213595499958                                     0.0
18    5    95.4148835350125                                     0.0
19    5    44.40720662234904                                     0.0
20    5    42.80186911806539                                     0.0
21    5    82.87339742040264                                     0.0
22    5    55.60575509783138                                     0.0
23    5    84.38009243891595                                     0.0
24    5    68.46897107449476                                     0.0
25    5    80.72174428244226                                     0.0
26    5    16.492422502470642                                     0.0
27    5    42.42640687119285                                     0.0
28    5    82.0                                     0.0
29    5    50.0                                     0.0
30    5    33.94112549695428                                     0.0
31    5    42.190046219457976                                     0.0
32    5    50.35871324805669                                     0.0
33    5    86.76404785393545                                     0.0
34    5    73.37574531137656                                     0.0
35    5    34.058772731852805                                     0.0
36    5    76.6550715869472                                     0.0
37    5    97.65244492586962                                     0.0
38    5    50.0                                     0.0
2    6    84.8528137423857                                     0.0
3    6    58.240879114244144                                     0.0
4    6    89.28605714219886                                     0.0
5    6    76.4198926981712                                     0.0
0    6    43.86342439892262                                     0.0
6    6    0.0                                     0.0
7    6    50.99019513592785                                     0.0
8    6    6.0                                     0.0
9    6    77.89736837660179                                     0.0
10    6    57.688820407423826                                     0.0
11    6    53.85164807134504                                     0.0
12    6    15.231546211727817                                     0.0
13    6    80.32434251209281                                     0.0
14    6    67.08203932499369                                     0.0
15    6    47.53945729601885                                     0.0
16    6    72.69112738154499                                     0.0
17    6    72.69112738154499                                     0.0
18    6    75.8946638440411                                     0.0
19    6    43.86342439892262                                     0.0
20    6    45.69463863518345                                     0.0
21    6    20.09975124224178                                     0.0
22    6    55.31726674375732                                     0.0
23    6    8.0                                     0.0
24    6    90.68627239003708                                     0.0
25    6    48.703182647543684                                     0.0
26    6    60.13318551349163                                     0.0
27    6    77.82030583337487                                     0.0
28    6    10.0                                     0.0
29    6    28.635642126552707                                     0.0
30    6    54.405882034941776                                     0.0
31    6    60.8276253029822                                     0.0
32    6    26.076809620810597                                     0.0
33    6    30.066592756745816                                     0.0
34    6    82.21921916437786                                     0.0
35    6    51.92301994298868                                     0.0
36    6    94.76286192385707                                     0.0
37    6    74.72616676907762                                     0.0
38    6    27.202941017470888                                     0.0
2    7    34.058772731852805                                     0.0
3    7    57.201398584300364                                     0.0
4    7    38.62641583165593                                     0.0
5    7    31.622776601683793                                     0.0
6    7    50.99019513592785                                     0.0
0    7    43.86342439892262                                     0.0
7    7    0.0                                     0.0
8    7    50.15974481593781                                     0.0
9    7    48.041648597857254                                     0.0
10    7    42.04759208325728                                     0.0
11    7    18.439088914585774                                     0.0
12    7    60.92618484691127                                     0.0
13    7    30.528675044947494                                     0.0
14    7    67.67569726275453                                     0.0
15    7    52.3450093132096                                     0.0
16    7    86.27861844049197                                     0.0
17    7    29.732137494637012                                     0.0
18    7    67.23094525588644                                     0.0
19    7    12.806248474865697                                     0.0
20    7    11.313708498984761                                     0.0
21    7    52.952809179494906                                     0.0
22    7    27.202941017470888                                     0.0
23    7    58.855755878248644                                     0.0
24    7    53.14132102234569                                     0.0
25    7    49.51767361255979                                     0.0
26    7    17.204650534085253                                     0.0
27    7    31.240998703626616                                     0.0
28    7    58.82176467941097                                     0.0
29    7    22.360679774997898                                     0.0
30    7    6.324555320336759                                     0.0
31    7    18.439088914585774                                     0.0
32    7    26.832815729997478                                     0.0
33    7    55.71355310873648                                     0.0
34    7    52.15361924162119                                     0.0
35    7    4.0                                     0.0
36    7    60.166435825965294                                     0.0
37    7    68.87670143089025                                     0.0
38    7    30.0                                     0.0
2    8    84.2140130857092                                     0.0
3    8    52.49761899362675                                     0.0
4    8    87.86353054595519                                     0.0
5    8    77.27871634544663                                     0.0
6    8    6.0                                     0.0
7    8    50.15974481593781                                     0.0
0    8    38.47076812334269                                     0.0
8    8    0.0                                     0.0
9    8    73.53910524340094                                     0.0
10    8    52.80151512977634                                     0.0
11    8    50.99019513592785                                     0.0
12    8    20.8806130178211                                     0.0
13    8    78.587530817554                                     0.0
14    8    61.18823416311342                                     0.0
15    8    41.7612260356422                                     0.0
16    8    66.75327707311455                                     0.0
17    8    73.7563556583431                                     0.0
18    8    70.22819946431775                                     0.0
19    8    41.7612260356422                                     0.0
20    8    43.68065933568311                                     0.0
21    8    14.142135623730951                                     0.0
22    8    51.61395160225576                                     0.0
23    8    10.0                                     0.0
24    8    86.83317338436964                                     0.0
25    8    43.08131845707603                                     0.0
26    8    60.8276253029822                                     0.0
27    8    75.39230729988306                                     0.0
28    8    15.231546211727817                                     0.0
29    8    28.0                                     0.0
30    8    52.952809179494906                                     0.0
31    8    58.309518948453004                                     0.0
32    8    27.202941017470888                                     0.0
33    8    24.08318915758459                                     0.0
34    8    77.79460135510689                                     0.0
35    8    50.635955604688654                                     0.0
36    8    90.55385138137417                                     0.0
37    8    68.96375859826666                                     0.0
38    8    29.5296461204668                                     0.0
2    9    56.0357029044876                                     0.0
3    9    36.05551275463989                                     0.0
4    9    48.08326112068523                                     0.0
5    9    70.22819946431775                                     0.0
6    9    77.89736837660179                                     0.0
7    9    48.041648597857254                                     0.0
8    9    73.53910524340094                                     0.0
0    9    38.47076812334269                                     0.0
9    9    0.0                                     0.0
10    9    22.360679774997898                                     0.0
11    9    30.59411708155671                                     0.0
12    9    92.45539465060976                                     0.0
13    9    40.0                                     0.0
14    9    40.792156108742276                                     0.0
15    9    41.7612260356422                                     0.0
16    9    63.56099432828282                                     0.0
17    9    70.8801805866774                                     0.0
18    9    31.304951684997057                                     0.0
19    9    41.7612260356422                                     0.0
20    9    41.23105625617661                                     0.0
21    9    66.03029607687671                                     0.0
22    9    24.166091947189145                                     0.0
23    9    83.45058418010026                                     0.0
24    9    16.1245154965971                                     0.0
25    9    37.94733192202055                                     0.0
26    9    62.51399843235114                                     0.0
27    9    30.0                                     0.0
28    9    87.86353054595519                                     0.0
29    9    57.271284253105414                                     0.0
30    9    42.0                                     0.0
31    9    30.066592756745816                                     0.0
32    9    65.39113089708727                                     0.0
33    9    60.8276253029822                                     0.0
34    9    4.47213595499958                                     0.0
35    9    44.04543109109048                                     0.0
36    9    17.204650534085253                                     0.0
37    9    34.92849839314596                                     0.0
38    9    70.9365914038728                                     0.0
2    10    63.245553203367585                                     0.0
3    10    17.88854381999832                                     0.0
4    10    59.09314681077663                                     0.0
5    10    71.21797525905943                                     0.0
6    10    57.688820407423826                                     0.0
7    10    42.04759208325728                                     0.0
8    10    52.80151512977634                                     0.0
9    10    22.360679774997898                                     0.0
0    10    16.1245154965971                                     0.0
10    10    0.0                                     0.0
11    10    24.413111231467404                                     0.0
12    10    72.71863585079137                                     0.0
13    10    49.193495504995376                                     0.0
14    10    26.90724809414742                                     0.0
15    10    20.09975124224178                                     0.0
16    10    48.373546489791295                                     0.0
17    10    70.45565981523414                                     0.0
18    10    25.298221281347036                                     0.0
19    10    31.04834939252005                                     0.0
20    10    31.622776601683793                                     0.0
21    10    44.04543109109048                                     0.0
22    10    15.620499351813308                                     0.0
23    10    62.48199740725323                                     0.0
24    10    37.94733192202055                                     0.0
25    10    16.1245154965971                                     0.0
26    10    59.0592922409336                                     0.0
27    10    40.496913462633174                                     0.0
28    10    67.67569726275453                                     0.0
29    10    42.190046219457976                                     0.0
30    10    37.73592452822641                                     0.0
31    10    29.732137494637012                                     0.0
32    10    50.35871324805669                                     0.0
33    10    38.47076812334269                                     0.0
34    10    26.076809620810597                                     0.0
35    10    38.47076812334269                                     0.0
36    10    39.44616584663204                                     0.0
37    10    26.832815729997478                                     0.0
38    10    56.32051136131489                                     0.0
2    11    41.23105625617661                                     0.0
3    11    41.036569057366385                                     0.0
4    11    40.19950248448356                                     0.0
5    11    46.861498055439924                                     0.0
6    11    53.85164807134504                                     0.0
7    11    18.439088914585774                                     0.0
8    11    50.99019513592785                                     0.0
9    11    30.59411708155671                                     0.0
10    11    24.413111231467404                                     0.0
0    11    30.463092423455635                                     0.0
11    11    0.0                                     0.0
12    11    66.84309986827361                                     0.0
13    11    30.066592756745816                                     0.0
14    11    50.99019513592785                                     0.0
15    11    38.47076812334269                                     0.0
16    11    71.21797525905943                                     0.0
17    11    46.04345773288535                                     0.0
18    11    49.193495504995376                                     0.0
19    11    11.661903789690601                                     0.0
20    11    10.770329614269007                                     0.0
21    11    48.662100242385755                                     0.0
22    11    8.94427190999916                                     0.0
23    11    60.8276253029822                                     0.0
24    11    38.8329756778952                                     0.0
25    11    34.9857113690718                                     0.0
26    11    34.92849839314596                                     0.0
27    11    24.73863375370596                                     0.0
28    11    63.245553203367585                                     0.0
29    11    28.42534080710379                                     0.0
30    11    13.416407864998739                                     0.0
31    11    8.0                                     0.0
32    11    36.05551275463989                                     0.0
33    11    48.041648597857254                                     0.0
34    11    34.92849839314596                                     0.0
35    11    14.560219778561036                                     0.0
36    11    44.721359549995796                                     0.0
37    11    51.10772935672255                                     0.0
38    11    41.182520563948                                     0.0
2    12    93.68030742904295                                     0.0
3    12    73.37574531137656                                     0.0
4    12    99.53893710503444                                     0.0
5    12    82.21921916437786                                     0.0
6    12    15.231546211727817                                     0.0
7    12    60.92618484691127                                     0.0
8    12    20.8806130178211                                     0.0
9    12    92.45539465060976                                     0.0
10    12    72.71863585079137                                     0.0
11    12    66.84309986827361                                     0.0
0    12    59.09314681077663                                     0.0
12    12    0.0                                     0.0
13    12    91.23595782365635                                     0.0
14    12    82.0                                     0.0
15    12    62.6418390534633                                     0.0
16    12    86.09297300012354                                     0.0
17    12    78.10249675906654                                     0.0
18    12    91.0823802938856                                     0.0
19    12    56.0357029044876                                     0.0
20    12    57.688820407423826                                     0.0
21    12    34.23448553724738                                     0.0
22    12    69.31089380465383                                     0.0
23    12    14.142135623730951                                     0.0
24    12    104.65180361560904                                     0.0
25    12    63.90618123468183                                     0.0
26    12    66.75327707311455                                     0.0
27    12    89.88882021697692                                     0.0
28    12    6.0                                     0.0
29    12    39.44616584663204                                     0.0
30    12    65.29931086925804                                     0.0
31    12    73.23933369440222                                     0.0
32    12    34.17601498127012                                     0.0
33    12    44.181444068749045                                     0.0
34    12    96.82974749528164                                     0.0
35    12    62.609903369994115                                     0.0
36    12    109.12378292562992                                     0.0
37    12    89.8443097808648                                     0.0
38    12    32.55764119219941                                     0.0
2    13    16.1245154965971                                     0.0
3    13    67.08203932499369                                     0.0
4    13    10.198039027185569                                     0.0
5    13    34.0                                     0.0
6    13    80.32434251209281                                     0.0
7    13    30.528675044947494                                     0.0
8    13    78.587530817554                                     0.0
9    13    40.0                                     0.0
10    13    49.193495504995376                                     0.0
11    13    30.066592756745816                                     0.0
12    13    91.23595782365635                                     0.0
0    13    59.665735560705194                                     0.0
13    13    0.0                                     0.0
14    13    75.47184905645283                                     0.0
15    13    67.05221845696084                                     0.0
16    13    97.52948272189288                                     0.0
17    13    36.22154055254967                                     0.0
18    13    69.42621983083913                                     0.0
19    13    36.87817782917155                                     0.0
20    13    34.92849839314596                                     0.0
21    13    78.23042886243178                                     0.0
22    13    35.4400902933387                                     0.0
23    13    87.93179174792243                                     0.0
24    13    34.92849839314596                                     0.0
25    13    63.245553203367585                                     0.0
26    13    34.0                                     0.0
27    13    10.0                                     0.0
28    13    88.76936408468859                                     0.0
29    13    52.0                                     0.0
30    13    26.0                                     0.0
31    13    22.090722034374522                                     0.0
32    13    57.30619512757761                                     0.0
33    13    78.10249675906654                                     0.0
34    13    42.190046219457976                                     0.0
35    13    28.635642126552707                                     0.0
36    13    43.174066289845804                                     0.0
37    13    72.47068372797375                                     0.0
38    13    60.4648658313239                                     0.0
2    14    90.0                                     0.0
3    14    10.770329614269007                                     0.0
4    14    85.0881895447306                                     0.0
5    14    97.83659846908007                                     0.0
6    14    67.08203932499369                                     0.0
7    14    67.67569726275453                                     0.0
8    14    61.18823416311342                                     0.0
9    14    40.792156108742276                                     0.0
10    14    26.90724809414742                                     0.0
11    14    50.99019513592785                                     0.0
12    14    82.0                                     0.0
13    14    75.47184905645283                                     0.0
0    14    26.68332812825267                                     0.0
14    14    0.0                                     0.0
15    14    20.0                                     0.0
16    14    22.80350850198276                                     0.0
17    14    96.82974749528164                                     0.0
18    14    13.416407864998739                                     0.0
19    14    55.569775957799216                                     0.0
20    14    56.60388679233962                                     0.0
21    14    48.08326112068523                                     0.0
22    14    42.42640687119285                                     0.0
23    14    68.96375859826666                                     0.0
24    14    56.32051136131489                                     0.0
25    14    20.396078054371138                                     0.0
26    14    84.87638069569178                                     0.0
27    14    66.24198064671678                                     0.0
28    14    76.15773105863909                                     0.0
29    14    62.0966987850401                                     0.0
30    14    64.03124237432849                                     0.0
31    14    56.639209034025185                                     0.0
32    14    69.42621983083913                                     0.0
33    14    38.62641583165593                                     0.0
34    14    42.190046219457976                                     0.0
35    14    64.40496875241847                                     0.0
36    14    54.037024344425184                                     0.0
37    14    10.0                                     0.0
38    14    75.31268153505093                                     0.0
2    15    79.62411694957753                                     0.0
3    15    10.770329614269007                                     0.0
4    15    77.20103626247513                                     0.0
5    15    83.73768566183328                                     0.0
6    15    47.53945729601885                                     0.0
7    15    52.3450093132096                                     0.0
8    15    41.7612260356422                                     0.0
9    15    41.7612260356422                                     0.0
10    15    20.09975124224178                                     0.0
11    15    38.47076812334269                                     0.0
12    15    62.6418390534633                                     0.0
13    15    67.05221845696084                                     0.0
14    15    20.0                                     0.0
0    15    8.48528137423857                                     0.0
15    15    0.0                                     0.0
16    15    34.058772731852805                                     0.0
17    15    82.07313811473277                                     0.0
18    15    28.635642126552707                                     0.0
19    15    39.59797974644666                                     0.0
20    15    41.036569057366385                                     0.0
21    15    29.5296461204668                                     0.0
22    15    31.622776601683793                                     0.0
23    15    50.15974481593781                                     0.0
24    15    57.723478758647246                                     0.0
25    15    4.0                                     0.0
26    15    69.31089380465383                                     0.0
27    15    59.22837157984339                                     0.0
28    15    56.92099788303083                                     0.0
29    15    43.08131845707603                                     0.0
30    15    50.0                                     0.0
31    15    45.69463863518345                                     0.0
32    15    50.0                                     0.0
33    15    21.2602916254693                                     0.0
34    15    44.94441010848846                                     0.0
35    15    49.678969393496885                                     0.0
36    15    58.309518948453004                                     0.0
37    15    27.202941017470888                                     0.0
38    15    55.78530272392541                                     0.0
2    16    111.51681487560519                                     0.0
3    16    30.528675044947494                                     0.0
4    16    107.33126291998991                                     0.0
5    16    117.45637488020819                                     0.0
6    16    72.69112738154499                                     0.0
7    16    86.27861844049197                                     0.0
8    16    66.75327707311455                                     0.0
9    16    63.56099432828282                                     0.0
10    16    48.373546489791295                                     0.0
11    16    71.21797525905943                                     0.0
12    16    86.09297300012354                                     0.0
13    16    97.52948272189288                                     0.0
14    16    22.80350850198276                                     0.0
15    16    34.058772731852805                                     0.0
0    16    42.5205832509386                                     0.0
16    16    0.0                                     0.0
17    16    115.96551211459379                                     0.0
18    16    34.0                                     0.0
19    16    73.59347797189639                                     0.0
20    16    74.96665925596525                                     0.0
21    16    52.61178575186362                                     0.0
22    16    63.245553203367585                                     0.0
23    16    72.02777242147643                                     0.0
24    16    78.91767862779544                                     0.0
25    16    36.76955262170047                                     0.0
26    16    103.32473082471591                                     0.0
27    16    88.56635930193812                                     0.0
28    16    80.09993757800315                                     0.0
29    16    76.15773105863909                                     0.0
30    16    83.54639429682169                                     0.0
31    16    77.6659513557904                                     0.0
32    16    82.29216244576394                                     0.0
33    16    42.7551166528639                                     0.0
34    16    64.77653896280658                                     0.0
35    16    83.45058418010026                                     0.0
36    16    76.10519036176179                                     0.0
37    16    30.0                                     0.0
38    16    87.72684879784524                                     0.0
2    17    25.059928172283335                                     0.0
3    17    86.55634003352961                                     0.0
4    17    36.76955262170047                                     0.0
5    17    4.47213595499958                                     0.0
6    17    72.69112738154499                                     0.0
7    17    29.732137494637012                                     0.0
8    17    73.7563556583431                                     0.0
9    17    70.8801805866774                                     0.0
10    17    70.45565981523414                                     0.0
11    17    46.04345773288535                                     0.0
12    17    78.10249675906654                                     0.0
13    17    36.22154055254967                                     0.0
14    17    96.82974749528164                                     0.0
15    17    82.07313811473277                                     0.0
16    17    115.96551211459379                                     0.0
0    17    73.59347797189639                                     0.0
17    17    0.0                                     0.0
18    17    95.01578816175763                                     0.0
19    17    42.5205832509386                                     0.0
20    17    41.036569057366385                                     0.0
21    17    79.84985911070852                                     0.0
22    17    54.91812087098393                                     0.0
23    17    80.62257748298549                                     0.0
24    17    70.11419257183242                                     0.0
25    17    79.19595949289332                                     0.0
26    17    13.416407864998739                                     0.0
27    17    44.04543109109048                                     0.0
28    17    78.02563681252464                                     0.0
29    17    46.8187996428785                                     0.0
30    17    32.802438933713454                                     0.0
31    17    42.04759208325728                                     0.0
32    17    46.69047011971501                                     0.0
33    17    84.11896337925236                                     0.0
34    17    74.21590126111789                                     0.0
35    17    32.55764119219941                                     0.0
36    17    78.23042886243178                                     0.0
37    17    97.09788875150684                                     0.0
38    17    46.04345773288535                                     0.0
2    18    84.8528137423857                                     0.0
3    18    17.88854381999832                                     0.0
4    18    78.40918313565064                                     0.0
5    18    95.4148835350125                                     0.0
6    18    75.8946638440411                                     0.0
7    18    67.23094525588644                                     0.0
8    18    70.22819946431775                                     0.0
9    18    31.304951684997057                                     0.0
10    18    25.298221281347036                                     0.0
11    18    49.193495504995376                                     0.0
12    18    91.0823802938856                                     0.0
13    18    69.42621983083913                                     0.0
14    18    13.416407864998739                                     0.0
15    18    28.635642126552707                                     0.0
16    18    34.0                                     0.0
17    18    95.01578816175763                                     0.0
0    18    32.55764119219941                                     0.0
18    18    0.0                                     0.0
19    18    56.32051136131489                                     0.0
20    18    56.92099788303083                                     0.0
21    18    58.137767414994535                                     0.0
22    18    40.24922359499622                                     0.0
23    18    78.79086241436883                                     0.0
24    18    45.60701700396552                                     0.0
25    18    27.202941017470888                                     0.0
26    18    84.09518416651456                                     0.0
27    18    59.665735560705194                                     0.0
28    18    85.44003745317531                                     0.0
29    18    66.12110101926616                                     0.0
30    18    62.609903369994115                                     0.0
31    18    53.25410782277739                                     0.0
32    18    74.02702209328699                                     0.0
33    18    49.39635614091387                                     0.0
34    18    31.622776601683793                                     0.0
35    18    63.56099432828282                                     0.0
36    18    42.190046219457976                                     0.0
37    18    4.0                                     0.0
38    18    80.02499609497022                                     0.0
2    19    44.40720662234904                                     0.0
3    19    44.94441010848846                                     0.0
4    19    46.389654018972806                                     0.0
5    19    44.40720662234904                                     0.0
6    19    43.86342439892262                                     0.0
7    19    12.806248474865697                                     0.0
8    19    41.7612260356422                                     0.0
9    19    41.7612260356422                                     0.0
10    19    31.04834939252005                                     0.0
11    19    11.661903789690601                                     0.0
12    19    56.0357029044876                                     0.0
13    19    36.87817782917155                                     0.0
14    19    55.569775957799216                                     0.0
15    19    39.59797974644666                                     0.0
16    19    73.59347797189639                                     0.0
17    19    42.5205832509386                                     0.0
18    19    56.32051136131489                                     0.0
0    19    31.11269837220809                                     0.0
19    19    0.0                                     0.0
20    19    2.0                                     0.0
21    19    42.04759208325728                                     0.0
22    19    18.110770276274835                                     0.0
23    19    51.264022471905186                                     0.0
24    19    50.47771785649585                                     0.0
25    19    36.87817782917155                                     0.0
26    19    29.732137494637012                                     0.0
27    19    34.0                                     0.0
28    19    52.839379254491625                                     0.0
29    19    16.97056274847714                                     0.0
30    19    12.165525060596439                                     0.0
31    19    17.204650534085253                                     0.0
32    19    24.413111231467404                                     0.0
33    19    43.68065933568311                                     0.0
34    19    46.17358552246078                                     0.0
35    19    10.770329614269007                                     0.0
36    19    56.356011214421486                                     0.0
37    19    57.584720195551874                                     0.0
38    19    29.5296461204668                                     0.0
2    20    42.42640687119285                                     0.0
3    20    46.04345773288535                                     0.0
4    20    44.40720662234904                                     0.0
5    20    42.80186911806539                                     0.0
6    20    45.69463863518345                                     0.0
7    20    11.313708498984761                                     0.0
8    20    43.68065933568311                                     0.0
9    20    41.23105625617661                                     0.0
10    20    31.622776601683793                                     0.0
11    20    10.770329614269007                                     0.0
12    20    57.688820407423826                                     0.0
13    20    34.92849839314596                                     0.0
14    20    56.60388679233962                                     0.0
15    20    41.036569057366385                                     0.0
16    20    74.96665925596525                                     0.0
17    20    41.036569057366385                                     0.0
18    20    56.92099788303083                                     0.0
19    20    2.0                                     0.0
0    20    32.55764119219941                                     0.0
20    20    0.0                                     0.0
21    20    44.04543109109048                                     0.0
22    20    18.0                                     0.0
23    20    53.14132102234569                                     0.0
24    20    49.39635614091387                                     0.0
25    20    38.2099463490856                                     0.0
26    20    28.42534080710379                                     0.0
27    20    32.2490309931942                                     0.0
28    20    54.589376255824725                                     0.0
29    20    18.439088914585774                                     0.0
30    20    10.198039027185569                                     0.0
31    20    15.620499351813308                                     0.0
32    20    25.612496949731394                                     0.0
33    20    45.60701700396552                                     0.0
34    20    45.60701700396552                                     0.0
35    20    8.94427190999916                                     0.0
36    20    55.46169849544819                                     0.0
37    20    58.309518948453004                                     0.0
38    20    30.528675044947494                                     0.0
2    21    86.37129152675674                                     0.0
3    21    40.24922359499622                                     0.0
4    21    88.09086218218096                                     0.0
5    21    82.87339742040264                                     0.0
6    21    20.09975124224178                                     0.0
7    21    52.952809179494906                                     0.0
8    21    14.142135623730951                                     0.0
9    21    66.03029607687671                                     0.0
10    21    44.04543109109048                                     0.0
11    21    48.662100242385755                                     0.0
12    21    34.23448553724738                                     0.0
13    21    78.23042886243178                                     0.0
14    21    48.08326112068523                                     0.0
15    21    29.5296461204668                                     0.0
16    21    52.61178575186362                                     0.0
17    21    79.84985911070852                                     0.0
18    21    58.137767414994535                                     0.0
19    21    42.04759208325728                                     0.0
20    21    44.04543109109048                                     0.0
0    21    28.284271247461902                                     0.0
21    21    0.0                                     0.0
22    21    46.8187996428785                                     0.0
23    21    20.8806130178211                                     0.0
24    21    80.62257748298549                                     0.0
25    21    31.622776601683793                                     0.0
26    21    66.48308055437865                                     0.0
27    21    73.348483283569                                     0.0
28    21    28.284271247461902                                     0.0
29    21    33.1058907144937                                     0.0
30    21    54.147945482723536                                     0.0
31    21    56.568542494923804                                     0.0
32    21    35.608987629529715                                     0.0
33    21    10.0                                     0.0
34    21    70.0                                     0.0
35    21    52.3450093132096                                     0.0
36    21    83.23460818673925                                     0.0
37    21    56.462376853972415                                     0.0
38    21    39.59797974644666                                     0.0
2    22    48.373546489791295                                     0.0
3    22    32.802438933713454                                     0.0
4    22    45.60701700396552                                     0.0
5    22    55.60575509783138                                     0.0
6    22    55.31726674375732                                     0.0
7    22    27.202941017470888                                     0.0
8    22    51.61395160225576                                     0.0
9    22    24.166091947189145                                     0.0
10    22    15.620499351813308                                     0.0
11    22    8.94427190999916                                     0.0
12    22    69.31089380465383                                     0.0
13    22    35.4400902933387                                     0.0
14    22    42.42640687119285                                     0.0
15    22    31.622776601683793                                     0.0
16    22    63.245553203367585                                     0.0
17    22    54.91812087098393                                     0.0
18    22    40.24922359499622                                     0.0
19    22    18.110770276274835                                     0.0
20    22    18.0                                     0.0
21    22    46.8187996428785                                     0.0
0    22    24.331050121192877                                     0.0
22    22    0.0                                     0.0
23    22    61.61168720299745                                     0.0
24    22    35.38361202590826                                     0.0
25    22    27.85677655436824                                     0.0
26    22    43.86342439892262                                     0.0
27    22    28.071337695236398                                     0.0
28    22    65.11528238439882                                     0.0
29    22    33.1058907144937                                     0.0
30    22    22.360679774997898                                     0.0
31    22    14.422205101855956                                     0.0
32    22    41.23105625617661                                     0.0
33    22    44.40720662234904                                     0.0
34    22    28.635642126552707                                     0.0
35    22    23.40939982143925                                     0.0
36    22    40.0                                     0.0
37    22    42.190046219457976                                     0.0
38    22    46.8187996428785                                     0.0
2    23    92.77930803794561                                     0.0
3    23    60.92618484691127                                     0.0
4    23    97.01546268507923                                     0.0
5    23    84.38009243891595                                     0.0
6    23    8.0                                     0.0
7    23    58.855755878248644                                     0.0
8    23    10.0                                     0.0
9    23    83.45058418010026                                     0.0
10    23    62.48199740725323                                     0.0
11    23    60.8276253029822                                     0.0
12    23    14.142135623730951                                     0.0
13    23    87.93179174792243                                     0.0
14    23    68.96375859826666                                     0.0
15    23    50.15974481593781                                     0.0
16    23    72.02777242147643                                     0.0
17    23    80.62257748298549                                     0.0
18    23    78.79086241436883                                     0.0
19    23    51.264022471905186                                     0.0
20    23    53.14132102234569                                     0.0
21    23    20.8806130178211                                     0.0
22    23    61.61168720299745                                     0.0
0    23    47.70744176750625                                     0.0
23    23    0.0                                     0.0
24    23    96.82974749528164                                     0.0
25    23    51.884487084291386                                     0.0
26    23    68.11754546370561                                     0.0
27    23    85.0881895447306                                     0.0
28    23    8.246211251235321                                     0.0
29    23    36.49657518178932                                     0.0
30    23    62.0966987850401                                     0.0
31    23    68.0294054067798                                     0.0
32    23    34.058772731852805                                     0.0
33    23    30.59411708155671                                     0.0
34    23    87.68124086713189                                     0.0
35    23    59.665735560705194                                     0.0
36    23    100.4987562112089                                     0.0
37    23    77.25283166331187                                     0.0
38    23    34.92849839314596                                     0.0
2    24    50.59644256269407                                     0.0
3    24    52.15361924162119                                     0.0
4    24    40.24922359499622                                     0.0
5    24    68.46897107449476                                     0.0
6    24    90.68627239003708                                     0.0
7    24    53.14132102234569                                     0.0
8    24    86.83317338436964                                     0.0
9    24    16.1245154965971                                     0.0
10    24    37.94733192202055                                     0.0
11    24    38.8329756778952                                     0.0
12    24    104.65180361560904                                     0.0
13    24    34.92849839314596                                     0.0
14    24    56.32051136131489                                     0.0
15    24    57.723478758647246                                     0.0
16    24    78.91767862779544                                     0.0
17    24    70.11419257183242                                     0.0
18    24    45.60701700396552                                     0.0
19    24    50.47771785649585                                     0.0
20    24    49.39635614091387                                     0.0
21    24    80.62257748298549                                     0.0
22    24    35.38361202590826                                     0.0
23    24    96.82974749528164                                     0.0
0    24    53.85164807134504                                     0.0
24    24    0.0                                     0.0
25    24    53.85164807134504                                     0.0
26    24    64.4980619863884                                     0.0
27    24    26.076809620810597                                     0.0
28    24    100.4987562112089                                     0.0
29    24    67.20119046564577                                     0.0
30    24    46.8187996428785                                     0.0
31    24    34.92849839314596                                     0.0
32    24    74.88658090739622                                     0.0
33    24    76.15773105863909                                     0.0
34    24    14.142135623730951                                     0.0
35    24    49.39635614091387                                     0.0
36    24    8.246211251235321                                     0.0
37    24    49.47726750741192                                     0.0
38    24    79.92496481075234                                     0.0
2    25    76.02631123499285                                     0.0
3    25    10.0                                     0.0
4    25    73.37574531137656                                     0.0
5    25    80.72174428244226                                     0.0
6    25    48.703182647543684                                     0.0
7    25    49.51767361255979                                     0.0
8    25    43.08131845707603                                     0.0
9    25    37.94733192202055                                     0.0
10    25    16.1245154965971                                     0.0
11    25    34.9857113690718                                     0.0
12    25    63.90618123468183                                     0.0
13    25    63.245553203367585                                     0.0
14    25    20.396078054371138                                     0.0
15    25    4.0                                     0.0
16    25    36.76955262170047                                     0.0
17    25    79.19595949289332                                     0.0
18    25    27.202941017470888                                     0.0
19    25    36.87817782917155                                     0.0
20    25    38.2099463490856                                     0.0
21    25    31.622776601683793                                     0.0
22    25    27.85677655436824                                     0.0
23    25    51.884487084291386                                     0.0
24    25    53.85164807134504                                     0.0
0    25    6.324555320336759                                     0.0
25    25    0.0                                     0.0
26    25    66.60330322138685                                     0.0
27    25    55.31726674375732                                     0.0
28    25    58.309518948453004                                     0.0
29    25    41.7612260356422                                     0.0
30    25    46.861498055439924                                     0.0
31    25    42.04759208325728                                     0.0
32    25    49.03060268852505                                     0.0
33    25    24.08318915758459                                     0.0
34    25    41.23105625617661                                     0.0
35    25    46.69047011971501                                     0.0
36    25    54.62600113499065                                     0.0
37    25    26.30589287593181                                     0.0
38    25    54.91812087098393                                     0.0
2    26    28.844410203711913                                     0.0
3    26    74.4043009509531                                     0.0
4    26    38.2099463490856                                     0.0
5    26    16.492422502470642                                     0.0
6    26    60.13318551349163                                     0.0
7    26    17.204650534085253                                     0.0
8    26    60.8276253029822                                     0.0
9    26    62.51399843235114                                     0.0
10    26    59.0592922409336                                     0.0
11    26    34.92849839314596                                     0.0
12    26    66.75327707311455                                     0.0
13    26    34.0                                     0.0
14    26    84.87638069569178                                     0.0
15    26    69.31089380465383                                     0.0
16    26    103.32473082471591                                     0.0
17    26    13.416407864998739                                     0.0
18    26    84.09518416651456                                     0.0
19    26    29.732137494637012                                     0.0
20    26    28.42534080710379                                     0.0
21    26    66.48308055437865                                     0.0
22    26    43.86342439892262                                     0.0
23    26    68.11754546370561                                     0.0
24    26    64.4980619863884                                     0.0
25    26    66.60330322138685                                     0.0
0    26    60.8276253029822                                     0.0
26    26    0.0                                     0.0
27    26    39.293765408777                                     0.0
28    26    66.12110101926616                                     0.0
29    26    33.52610922848042                                     0.0
30    26    21.540659228538015                                     0.0
31    26    32.55764119219941                                     0.0
32    26    34.058772731852805                                     0.0
33    26    70.71067811865476                                     0.0
34    26    66.27216610312357                                     0.0
35    26    20.591260281974                                     0.0
36    26    72.24956747275377                                     0.0
37    26    85.88364221433555                                     0.0
38    26    34.23448553724738                                     0.0
2    27    26.076809620810597                                     0.0
3    27    58.309518948453004                                     0.0
4    27    18.867962264113206                                     0.0
5    27    42.42640687119285                                     0.0
6    27    77.82030583337487                                     0.0
7    27    31.240998703626616                                     0.0
8    27    75.39230729988306                                     0.0
9    27    30.0                                     0.0
10    27    40.496913462633174                                     0.0
11    27    24.73863375370596                                     0.0
12    27    89.88882021697692                                     0.0
13    27    10.0                                     0.0
14    27    66.24198064671678                                     0.0
15    27    59.22837157984339                                     0.0
16    27    88.56635930193812                                     0.0
17    27    44.04543109109048                                     0.0
18    27    59.665735560705194                                     0.0
19    27    34.0                                     0.0
20    27    32.2490309931942                                     0.0
21    27    73.348483283569                                     0.0
22    27    28.071337695236398                                     0.0
23    27    85.0881895447306                                     0.0
24    27    26.076809620810597                                     0.0
25    27    55.31726674375732                                     0.0
26    27    39.293765408777                                     0.0
0    27    52.3450093132096                                     0.0
27    27    0.0                                     0.0
28    27    86.83317338436964                                     0.0
29    27    50.47771785649585                                     0.0
30    27    25.45584412271571                                     0.0
31    27    17.08800749063506                                     0.0
32    27    56.85068161420758                                     0.0
33    27    72.11102550927978                                     0.0
34    27    32.2490309931942                                     0.0
35    27    28.284271247461902                                     0.0
36    27    34.23448553724738                                     0.0
37    27    62.80127387243033                                     0.0
38    27    60.8276253029822                                     0.0
2    28    92.19544457292888                                     0.0
3    28    67.67569726275453                                     0.0
4    28    97.40636529508737                                     0.0
5    28    82.0                                     0.0
6    28    10.0                                     0.0
7    28    58.82176467941097                                     0.0
8    28    15.231546211727817                                     0.0
9    28    87.86353054595519                                     0.0
10    28    67.67569726275453                                     0.0
11    28    63.245553203367585                                     0.0
12    28    6.0                                     0.0
13    28    88.76936408468859                                     0.0
14    28    76.15773105863909                                     0.0
15    28    56.92099788303083                                     0.0
16    28    80.09993757800315                                     0.0
17    28    78.02563681252464                                     0.0
18    28    85.44003745317531                                     0.0
19    28    52.839379254491625                                     0.0
20    28    54.589376255824725                                     0.0
21    28    28.284271247461902                                     0.0
22    28    65.11528238439882                                     0.0
23    28    8.246211251235321                                     0.0
24    28    100.4987562112089                                     0.0
25    28    58.309518948453004                                     0.0
26    28    66.12110101926616                                     0.0
27    28    86.83317338436964                                     0.0
0    28    53.665631459994955                                     0.0
28    28    0.0                                     0.0
29    28    36.76955262170047                                     0.0
30    28    62.76941930590086                                     0.0
31    28    69.9714227381436                                     0.0
32    28    32.55764119219941                                     0.0
33    28    38.2099463490856                                     0.0
34    28    92.19544457292888                                     0.0
35    28    60.166435825965294                                     0.0
36    28    104.6900186264192                                     0.0
37    28    84.11896337925236                                     0.0
38    28    32.0                                     0.0
2    29    56.32051136131489                                     0.0
3    29    51.419840528729765                                     0.0
4    29    60.728905802755904                                     0.0
5    29    50.0                                     0.0
6    29    28.635642126552707                                     0.0
7    29    22.360679774997898                                     0.0
8    29    28.0                                     0.0
9    29    57.271284253105414                                     0.0
10    29    42.190046219457976                                     0.0
11    29    28.42534080710379                                     0.0
12    29    39.44616584663204                                     0.0
13    29    52.0                                     0.0
14    29    62.0966987850401                                     0.0
15    29    43.08131845707603                                     0.0
16    29    76.15773105863909                                     0.0
17    29    46.8187996428785                                     0.0
18    29    66.12110101926616                                     0.0
19    29    16.97056274847714                                     0.0
20    29    18.439088914585774                                     0.0
21    29    33.1058907144937                                     0.0
22    29    33.1058907144937                                     0.0
23    29    36.49657518178932                                     0.0
24    29    67.20119046564577                                     0.0
25    29    41.7612260356422                                     0.0
26    29    33.52610922848042                                     0.0
27    29    50.47771785649585                                     0.0
28    29    36.76955262170047                                     0.0
0    29    35.4400902933387                                     0.0
29    29    0.0                                     0.0
30    29    26.0                                     0.0
31    29    34.058772731852805                                     0.0
32    29    8.246211251235321                                     0.0
33    29    38.41874542459709                                     0.0
34    29    61.741396161732524                                     0.0
35    29    23.40939982143925                                     0.0
36    29    72.71863585079137                                     0.0
37    29    66.48308055437865                                     0.0
38    29    14.142135623730951                                     0.0
2    30    32.2490309931942                                     0.0
3    30    53.81449618829484                                     0.0
4    30    34.92849839314596                                     0.0
5    30    33.94112549695428                                     0.0
6    30    54.405882034941776                                     0.0
7    30    6.324555320336759                                     0.0
8    30    52.952809179494906                                     0.0
9    30    42.0                                     0.0
10    30    37.73592452822641                                     0.0
11    30    13.416407864998739                                     0.0
12    30    65.29931086925804                                     0.0
13    30    26.0                                     0.0
14    30    64.03124237432849                                     0.0
15    30    50.0                                     0.0
16    30    83.54639429682169                                     0.0
17    30    32.802438933713454                                     0.0
18    30    62.609903369994115                                     0.0
19    30    12.165525060596439                                     0.0
20    30    10.198039027185569                                     0.0
21    30    54.147945482723536                                     0.0
22    30    22.360679774997898                                     0.0
23    30    62.0966987850401                                     0.0
24    30    46.8187996428785                                     0.0
25    30    46.861498055439924                                     0.0
26    30    21.540659228538015                                     0.0
27    30    25.45584412271571                                     0.0
28    30    62.76941930590086                                     0.0
29    30    26.0                                     0.0
0    30    41.617304093369626                                     0.0
30    30    0.0                                     0.0
31    30    12.165525060596439                                     0.0
32    30    31.622776601683793                                     0.0
33    30    55.78530272392541                                     0.0
34    30    46.04345773288535                                     0.0
35    30    2.8284271247461903                                     0.0
36    30    53.85164807134504                                     0.0
37    30    64.4980619863884                                     0.0
38    30    35.38361202590826                                     0.0
2    31    34.0                                     0.0
3    31    47.20169488482379                                     0.0
4    31    32.2490309931942                                     0.0
5    31    42.190046219457976                                     0.0
6    31    60.8276253029822                                     0.0
7    31    18.439088914585774                                     0.0
8    31    58.309518948453004                                     0.0
9    31    30.066592756745816                                     0.0
10    31    29.732137494637012                                     0.0
11    31    8.0                                     0.0
12    31    73.23933369440222                                     0.0
13    31    22.090722034374522                                     0.0
14    31    56.639209034025185                                     0.0
15    31    45.69463863518345                                     0.0
16    31    77.6659513557904                                     0.0
17    31    42.04759208325728                                     0.0
18    31    53.25410782277739                                     0.0
19    31    17.204650534085253                                     0.0
20    31    15.620499351813308                                     0.0
21    31    56.568542494923804                                     0.0
22    31    14.422205101855956                                     0.0
23    31    68.0294054067798                                     0.0
24    31    34.92849839314596                                     0.0
25    31    42.04759208325728                                     0.0
26    31    32.55764119219941                                     0.0
27    31    17.08800749063506                                     0.0
28    31    69.9714227381436                                     0.0
29    31    34.058772731852805                                     0.0
30    31    12.165525060596439                                     0.0
0    31    37.94733192202055                                     0.0
31    31    0.0                                     0.0
32    31    41.036569057366385                                     0.0
33    31    56.0357029044876                                     0.0
34    31    34.0                                     0.0
35    31    14.560219778561036                                     0.0
36    31    41.7612260356422                                     0.0
37    31    55.60575509783138                                     0.0
38    31    45.60701700396552                                     0.0
2    32    59.665735560705194                                     0.0
3    32    58.855755878248644                                     0.0
4    32    65.39113089708727                                     0.0
5    32    50.35871324805669                                     0.0
6    32    26.076809620810597                                     0.0
7    32    26.832815729997478                                     0.0
8    32    27.202941017470888                                     0.0
9    32    65.39113089708727                                     0.0
10    32    50.35871324805669                                     0.0
11    32    36.05551275463989                                     0.0
12    32    34.17601498127012                                     0.0
13    32    57.30619512757761                                     0.0
14    32    69.42621983083913                                     0.0
15    32    50.0                                     0.0
16    32    82.29216244576394                                     0.0
17    32    46.69047011971501                                     0.0
18    32    74.02702209328699                                     0.0
19    32    24.413111231467404                                     0.0
20    32    25.612496949731394                                     0.0
21    32    35.608987629529715                                     0.0
22    32    41.23105625617661                                     0.0
23    32    34.058772731852805                                     0.0
24    32    74.88658090739622                                     0.0
25    32    49.03060268852505                                     0.0
26    32    34.058772731852805                                     0.0
27    32    56.85068161420758                                     0.0
28    32    32.55764119219941                                     0.0
29    32    8.246211251235321                                     0.0
30    32    31.622776601683793                                     0.0
31    32    41.036569057366385                                     0.0
0    32    42.7551166528639                                     0.0
32    32    0.0                                     0.0
33    32    42.5205832509386                                     0.0
34    32    69.85699678629192                                     0.0
35    32    28.844410203711913                                     0.0
36    32    80.62257748298549                                     0.0
37    32    74.24284477308234                                     0.0
38    32    6.0                                     0.0
2    33    87.86353054595519                                     0.0
3    33    31.622776601683793                                     0.0
4    33    88.20430828479978                                     0.0
5    33    86.76404785393545                                     0.0
6    33    30.066592756745816                                     0.0
7    33    55.71355310873648                                     0.0
8    33    24.08318915758459                                     0.0
9    33    60.8276253029822                                     0.0
10    33    38.47076812334269                                     0.0
11    33    48.041648597857254                                     0.0
12    33    44.181444068749045                                     0.0
13    33    78.10249675906654                                     0.0
14    33    38.62641583165593                                     0.0
15    33    21.2602916254693                                     0.0
16    33    42.7551166528639                                     0.0
17    33    84.11896337925236                                     0.0
18    33    49.39635614091387                                     0.0
19    33    43.68065933568311                                     0.0
20    33    45.60701700396552                                     0.0
21    33    10.0                                     0.0
22    33    44.40720662234904                                     0.0
23    33    30.59411708155671                                     0.0
24    33    76.15773105863909                                     0.0
25    33    24.08318915758459                                     0.0
26    33    70.71067811865476                                     0.0
27    33    72.11102550927978                                     0.0
28    33    38.2099463490856                                     0.0
29    33    38.41874542459709                                     0.0
30    33    55.78530272392541                                     0.0
31    33    56.0357029044876                                     0.0
32    33    42.5205832509386                                     0.0
0    33    22.360679774997898                                     0.0
33    33    0.0                                     0.0
34    33    64.4980619863884                                     0.0
35    33    54.405882034941776                                     0.0
36    33    77.89736837660179                                     0.0
37    33    47.41307836451879                                     0.0
38    33    47.20169488482379                                     0.0
2    34    58.309518948453004                                     0.0
3    34    38.47076812334269                                     0.0
4    34    49.678969393496885                                     0.0
5    34    73.37574531137656                                     0.0
6    34    82.21921916437786                                     0.0
7    34    52.15361924162119                                     0.0
8    34    77.79460135510689                                     0.0
9    34    4.47213595499958                                     0.0
10    34    26.076809620810597                                     0.0
11    34    34.92849839314596                                     0.0
12    34    96.82974749528164                                     0.0
13    34    42.190046219457976                                     0.0
14    34    42.190046219457976                                     0.0
15    34    44.94441010848846                                     0.0
16    34    64.77653896280658                                     0.0
17    34    74.21590126111789                                     0.0
18    34    31.622776601683793                                     0.0
19    34    46.17358552246078                                     0.0
20    34    45.60701700396552                                     0.0
21    34    70.0                                     0.0
22    34    28.635642126552707                                     0.0
23    34    87.68124086713189                                     0.0
24    34    14.142135623730951                                     0.0
25    34    41.23105625617661                                     0.0
26    34    66.27216610312357                                     0.0
27    34    32.2490309931942                                     0.0
28    34    92.19544457292888                                     0.0
29    34    61.741396161732524                                     0.0
30    34    46.04345773288535                                     0.0
31    34    34.0                                     0.0
32    34    69.85699678629192                                     0.0
33    34    64.4980619863884                                     0.0
0    34    42.190046219457976                                     0.0
34    34    0.0                                     0.0
35    34    48.16637831516918                                     0.0
36    34    13.416407864998739                                     0.0
37    34    35.4400902933387                                     0.0
38    34    75.39230729988306                                     0.0
2    35    34.058772731852805                                     0.0
3    35    54.037024344425184                                     0.0
4    35    37.36308338453881                                     0.0
5    35    34.058772731852805                                     0.0
6    35    51.92301994298868                                     0.0
7    35    4.0                                     0.0
8    35    50.635955604688654                                     0.0
9    35    44.04543109109048                                     0.0
10    35    38.47076812334269                                     0.0
11    35    14.560219778561036                                     0.0
12    35    62.609903369994115                                     0.0
13    35    28.635642126552707                                     0.0
14    35    64.40496875241847                                     0.0
15    35    49.678969393496885                                     0.0
16    35    83.45058418010026                                     0.0
17    35    32.55764119219941                                     0.0
18    35    63.56099432828282                                     0.0
19    35    10.770329614269007                                     0.0
20    35    8.94427190999916                                     0.0
21    35    52.3450093132096                                     0.0
22    35    23.40939982143925                                     0.0
23    35    59.665735560705194                                     0.0
24    35    49.39635614091387                                     0.0
25    35    46.69047011971501                                     0.0
26    35    20.591260281974                                     0.0
27    35    28.284271247461902                                     0.0
28    35    60.166435825965294                                     0.0
29    35    23.40939982143925                                     0.0
30    35    2.8284271247461903                                     0.0
31    35    14.560219778561036                                     0.0
32    35    28.844410203711913                                     0.0
33    35    54.405882034941776                                     0.0
34    35    48.16637831516918                                     0.0
0    35    41.23105625617661                                     0.0
35    35    0.0                                     0.0
36    35    56.32051136131489                                     0.0
37    35    65.29931086925804                                     0.0
38    35    32.55764119219941                                     0.0
2    36    58.82176467941097                                     0.0
3    36    51.419840528729765                                     0.0
4    36    48.33218389437829                                     0.0
5    36    76.6550715869472                                     0.0
6    36    94.76286192385707                                     0.0
7    36    60.166435825965294                                     0.0
8    36    90.55385138137417                                     0.0
9    36    17.204650534085253                                     0.0
10    36    39.44616584663204                                     0.0
11    36    44.721359549995796                                     0.0
12    36    109.12378292562992                                     0.0
13    36    43.174066289845804                                     0.0
14    36    54.037024344425184                                     0.0
15    36    58.309518948453004                                     0.0
16    36    76.10519036176179                                     0.0
17    36    78.23042886243178                                     0.0
18    36    42.190046219457976                                     0.0
19    36    56.356011214421486                                     0.0
20    36    55.46169849544819                                     0.0
21    36    83.23460818673925                                     0.0
22    36    40.0                                     0.0
23    36    100.4987562112089                                     0.0
24    36    8.246211251235321                                     0.0
25    36    54.62600113499065                                     0.0
26    36    72.24956747275377                                     0.0
27    36    34.23448553724738                                     0.0
28    36    104.6900186264192                                     0.0
29    36    72.71863585079137                                     0.0
30    36    53.85164807134504                                     0.0
31    36    41.7612260356422                                     0.0
32    36    80.62257748298549                                     0.0
33    36    77.89736837660179                                     0.0
34    36    13.416407864998739                                     0.0
35    36    56.32051136131489                                     0.0
0    36    55.569775957799216                                     0.0
36    36    0.0                                     0.0
37    36    46.17358552246078                                     0.0
38    36    85.88364221433555                                     0.0
2    37    87.72684879784524                                     0.0
3    37    16.492422502470642                                     0.0
4    37    81.60882305241266                                     0.0
5    37    97.65244492586962                                     0.0
6    37    74.72616676907762                                     0.0
7    37    68.87670143089025                                     0.0
8    37    68.96375859826666                                     0.0
9    37    34.92849839314596                                     0.0
10    37    26.832815729997478                                     0.0
11    37    51.10772935672255                                     0.0
12    37    89.8443097808648                                     0.0
13    37    72.47068372797375                                     0.0
14    37    10.0                                     0.0
15    37    27.202941017470888                                     0.0
16    37    30.0                                     0.0
17    37    97.09788875150684                                     0.0
18    37    4.0                                     0.0
19    37    57.584720195551874                                     0.0
20    37    58.309518948453004                                     0.0
21    37    56.462376853972415                                     0.0
22    37    42.190046219457976                                     0.0
23    37    77.25283166331187                                     0.0
24    37    49.47726750741192                                     0.0
25    37    26.30589287593181                                     0.0
26    37    85.88364221433555                                     0.0
27    37    62.80127387243033                                     0.0
28    37    84.11896337925236                                     0.0
29    37    66.48308055437865                                     0.0
30    37    64.4980619863884                                     0.0
31    37    55.60575509783138                                     0.0
32    37    74.24284477308234                                     0.0
33    37    47.41307836451879                                     0.0
34    37    35.4400902933387                                     0.0
35    37    65.29931086925804                                     0.0
36    37    46.17358552246078                                     0.0
0    37    32.0624390837628                                     0.0
37    37    0.0                                     0.0
38    37    80.22468448052632                                     0.0
2    38    61.35144660071187                                     0.0
3    38    64.77653896280658                                     0.0
4    38    68.0                                     0.0
5    38    50.0                                     0.0
6    38    27.202941017470888                                     0.0
7    38    30.0                                     0.0
8    38    29.5296461204668                                     0.0
9    38    70.9365914038728                                     0.0
10    38    56.32051136131489                                     0.0
11    38    41.182520563948                                     0.0
12    38    32.55764119219941                                     0.0
13    38    60.4648658313239                                     0.0
14    38    75.31268153505093                                     0.0
15    38    55.78530272392541                                     0.0
16    38    87.72684879784524                                     0.0
17    38    46.04345773288535                                     0.0
18    38    80.02499609497022                                     0.0
19    38    29.5296461204668                                     0.0
20    38    30.528675044947494                                     0.0
21    38    39.59797974644666                                     0.0
22    38    46.8187996428785                                     0.0
23    38    34.92849839314596                                     0.0
24    38    79.92496481075234                                     0.0
25    38    54.91812087098393                                     0.0
26    38    34.23448553724738                                     0.0
27    38    60.8276253029822                                     0.0
28    38    32.0                                     0.0
29    38    14.142135623730951                                     0.0
30    38    35.38361202590826                                     0.0
31    38    45.60701700396552                                     0.0
32    38    6.0                                     0.0
33    38    47.20169488482379                                     0.0
34    38    75.39230729988306                                     0.0
35    38    32.55764119219941                                     0.0
36    38    85.88364221433555                                     0.0
37    38    80.22468448052632                                     0.0
0    38    48.662100242385755                                     0.0
38    38    0.0                                     0.0
