0    2    21.0                                     0.0
2    2    0.0                                     0.0
3    2    37.21558813185679                                     0.0
4    2    19.209372712298546                                     0.0
5    2    45.27692569068709                                     0.0
6    2    40.607881008493905                                     0.0
7    2    53.75872022286245                                     0.0
8    2    30.4138126514911                                     0.0
9    2    46.87216658103186                                     0.0
10    2    42.485291572496                                     0.0
11    2    29.206163733020468                                     0.0
12    2    55.60575509783138                                     0.0
13    2    15.524174696260024                                     0.0
14    2    26.019223662515376                                     0.0
15    2    22.47220505424423                                     0.0
16    2    23.08679276123039                                     0.0
17    2    17.204650534085253                                     0.0
18    2    17.804493814764857                                     0.0
19    2    66.52818951391959                                     0.0
20    2    39.319206502675                                     0.0
21    2    36.6742416417845                                     0.0
22    2    16.492422502470642                                     0.0
23    2    21.840329667841555                                     0.0
24    2    26.870057685088806                                     0.0
25    2    35.4682957019364                                     0.0
26    2    47.41307836451879                                     0.0
27    2    50.774009099144415                                     0.0
28    2    52.49761899362675                                     0.0
29    2    52.0                                     0.0
30    2    50.08991914547278                                     0.0
31    2    42.80186911806539                                     0.0
32    2    55.54277630799526                                     0.0
33    2    49.33558553417604                                     0.0
34    2    44.91102314577124                                     0.0
35    2    33.95585369269929                                     0.0
36    2    59.413803110051795                                     0.0
37    2    37.656340767525464                                     0.0
2    0    21.0                                     0.0
3    0    58.137767414994535                                     0.0
4    0    17.4928556845359                                     0.0
5    0    33.24154027718932                                     0.0
6    0    48.82622246293481                                     0.0
7    0    69.8927750200262                                     0.0
8    0    21.02379604162864                                     0.0
9    0    54.91812087098393                                     0.0
10    0    55.17245689653489                                     0.0
11    0    47.53945729601885                                     0.0
12    0    70.43436661176133                                     0.0
13    0    36.22154055254967                                     0.0
14    0    34.058772731852805                                     0.0
15    0    41.7612260356422                                     0.0
16    0    2.8284271247461903                                     0.0
17    0    12.206555615733702                                     0.0
18    0    36.68787265568828                                     0.0
19    0    53.0                                     0.0
20    0    60.207972893961475                                     0.0
21    0    56.32051136131489                                     0.0
22    0    6.4031242374328485                                     0.0
23    0    25.80697580112788                                     0.0
24    0    44.28317965096906                                     0.0
25    0    47.38143096192854                                     0.0
26    0    42.01190307520001                                     0.0
27    0    34.828149534535996                                     0.0
28    0    62.20128616033595                                     0.0
29    0    33.60059523282288                                     0.0
30    0    29.154759474226502                                     0.0
31    0    29.068883707497267                                     0.0
32    0    37.20215047547655                                     0.0
33    0    30.01666203960727                                     0.0
34    0    45.60701700396552                                     0.0
35    0    14.422205101855956                                     0.0
36    0    47.4236228055175                                     0.0
37    0    17.46424919657298                                     0.0
2    3    37.21558813185679                                     0.0
0    3    58.137767414994535                                     0.0
3    3    0.0                                     0.0
4    3    52.55473337388365                                     0.0
5    3    75.02666192761077                                     0.0
6    3    46.861498055439924                                     0.0
7    3    35.0                                     0.0
8    3    61.40032573203501                                     0.0
9    3    57.30619512757761                                     0.0
10    3    45.69463863518345                                     0.0
11    3    19.79898987322333                                     0.0
12    3    48.093658625644196                                     0.0
13    3    22.0                                     0.0
14    3    42.190046219457976                                     0.0
15    3    24.08318915758459                                     0.0
16    3    60.29925372672534                                     0.0
17    3    51.35172830587107                                     0.0
18    3    27.459060435491963                                     0.0
19    3    98.97979591815695                                     0.0
20    3    9.219544457292887                                     0.0
21    3    20.396078054371138                                     0.0
22    3    53.0                                     0.0
23    3    46.238512086787566                                     0.0
24    3    29.206163733020468                                     0.0
25    3    44.10215414239989                                     0.0
26    3    74.81310045707235                                     0.0
27    3    85.7962703152066                                     0.0
28    3    57.9396237474839                                     0.0
29    3    88.32326986700618                                     0.0
30    3    87.28115489611719                                     0.0
31    3    77.07788269017254                                     0.0
32    3    91.76055797563569                                     0.0
33    3    86.12200647918046                                     0.0
34    3    60.959002616512684                                     0.0
35    3    71.02112361825881                                     0.0
36    3    91.0659101969557                                     0.0
37    3    74.81310045707235                                     0.0
2    4    19.209372712298546                                     0.0
3    4    52.55473337388365                                     0.0
0    4    17.4928556845359                                     0.0
4    4    0.0                                     0.0
5    4    50.566787519082126                                     0.0
6    4    58.18934610390462                                     0.0
7    4    72.91776189653656                                     0.0
8    4    37.36308338453881                                     0.0
9    4    37.44329045369811                                     0.0
10    4    38.600518131237564                                     0.0
11    4    48.104053883222775                                     0.0
12    4    54.378304497290095                                     0.0
13    4    33.015148038438355                                     0.0
14    4    43.01162633521314                                     0.0
15    4    31.144823004794873                                     0.0
16    4    17.029386365926403                                     0.0
17    4    25.079872407968907                                     0.0
18    4    26.30589287593181                                     0.0
19    4    47.634021455258214                                     0.0
20    4    51.97114584074513                                     0.0
21    4    45.0111097397076                                     0.0
22    4    19.4164878389476                                     0.0
23    4    36.49657518178932                                     0.0
24    4    31.25699921617557                                     0.0
25    4    30.805843601498726                                     0.0
26    4    28.792360097775937                                     0.0
27    4    33.24154027718932                                     0.0
28    4    44.82186966202994                                     0.0
29    4    36.345563690772494                                     0.0
30    4    39.84971769034255                                     0.0
31    4    24.596747752497688                                     0.0
32    4    39.6232255123179                                     0.0
33    4    35.0                                     0.0
34    4    59.07622195096772                                     0.0
35    4    22.135943621178654                                     0.0
36    4    40.311288741492746                                     0.0
37    4    26.248809496813376                                     0.0
2    5    45.27692569068709                                     0.0
3    5    75.02666192761077                                     0.0
4    5    50.566787519082126                                     0.0
0    5    33.24154027718932                                     0.0
5    5    0.0                                     0.0
6    5    41.0                                     0.0
7    5    70.45565981523414                                     0.0
8    5    14.866068747318506                                     0.0
9    5    87.70974860299168                                     0.0
10    5    86.40023148117139                                     0.0
11    5    57.48912940721924                                     0.0
12    5    100.56838469419701                                     0.0
13    5    55.072679252057455                                     0.0
14    5    34.36568055487916                                     0.0
15    5    67.47592163134935                                     0.0
16    5    34.48187929913333                                     0.0
17    5    28.319604517012593                                     0.0
18    5    63.0317380372777                                     0.0
19    5    77.6659513557904                                     0.0
20    5    80.49844718999243                                     0.0
21    5    81.02468759581859                                     0.0
22    5    31.906112267087632                                     0.0
23    5    28.792360097775937                                     0.0
24    5    72.13875518748573                                     0.0
25    5    78.81624198095213                                     0.0
26    5    73.824115301167                                     0.0
27    5    58.855755878248644                                     0.0
28    5    94.66784036831093                                     0.0
29    5    53.16013544000805                                     0.0
30    5    38.01315561749642                                     0.0
31    5    57.0087712549569                                     0.0
32    5    55.97320787662612                                     0.0
33    5    48.08326112068523                                     0.0
34    5    27.294688127912362                                     0.0
35    5    39.0                                     0.0
36    5    74.43117626371358                                     0.0
37    5    38.2099463490856                                     0.0
2    6    40.607881008493905                                     0.0
3    6    46.861498055439924                                     0.0
4    6    58.18934610390462                                     0.0
5    6    41.0                                     0.0
0    6    48.82622246293481                                     0.0
6    6    0.0                                     0.0
7    6    30.01666203960727                                     0.0
8    6    34.66987164671943                                     0.0
9    6    86.02325267042627                                     0.0
10    6    78.91767862779544                                     0.0
11    6    27.202941017470888                                     0.0
12    6    88.23264701911646                                     0.0
13    6    36.87817782917155                                     0.0
14    6    15.231546211727817                                     0.0
15    6    53.36665625650534                                     0.0
16    6    51.61395160225576                                     0.0
17    6    36.61966684720111                                     0.0
18    6    51.478150704935004                                     0.0
19    6    101.78899744078434                                     0.0
20    6    55.21775076911409                                     0.0
21    6    61.741396161732524                                     0.0
22    6    42.720018726587654                                     0.0
23    6    23.021728866442675                                     0.0
24    6    60.207972893961475                                     0.0
25    6    73.24616030891995                                     0.0
26    6    86.97700845625813                                     0.0
27    6    83.60023923410746                                     0.0
28    6    90.44888059008801                                     0.0
29    6    81.39410298049853                                     0.0
30    6    71.40028011149536                                     0.0
31    6    77.69813382572325                                     0.0
32    6    84.8999411071645                                     0.0
33    6    77.07788269017254                                     0.0
34    6    16.492422502470642                                     0.0
35    6    62.48199740725323                                     0.0
36    6    95.88013350011565                                     0.0
37    6    64.38167441127949                                     0.0
2    7    53.75872022286245                                     0.0
3    7    35.0                                     0.0
4    7    72.91776189653656                                     0.0
5    7    70.45565981523414                                     0.0
6    7    30.01666203960727                                     0.0
0    7    69.8927750200262                                     0.0
7    7    0.0                                     0.0
8    7    61.68468205316454                                     0.0
9    7    89.49301648732151                                     0.0
10    7    79.07591289387686                                     0.0
11    7    25.238858928247925                                     0.0
12    7    83.05419917138447                                     0.0
13    7    41.340053217188775                                     0.0
14    7    38.27531841800928                                     0.0
15    7    54.08326913195984                                     0.0
16    7    72.67048919609665                                     0.0
17    7    58.66856057549052                                     0.0
18    7    55.036351623268054                                     0.0
19    7    120.21647141718975                                     0.0
20    7    44.04543109109048                                     0.0
21    7    55.14526271584895                                     0.0
22    7    63.51377803280167                                     0.0
23    7    46.61544808322666                                     0.0
24    7    60.728905802755904                                     0.0
25    7    75.8946638440411                                     0.0
26    7    100.20977996183805                                     0.0
27    7    103.71113729971339                                     0.0
28    7    91.44397191723465                                     0.0
29    7    103.46980235798269                                     0.0
30    7    96.60745312862771                                     0.0
31    7    96.26006440887103                                     0.0
32    7    107.07474025184464                                     0.0
33    7    99.85990186255943                                     0.0
34    7    46.2709412050371                                     0.0
35    7    84.31488599292535                                     0.0
36    7    113.17243480636087                                     0.0
37    7    87.13208364316786                                     0.0
2    8    30.4138126514911                                     0.0
3    8    61.40032573203501                                     0.0
4    8    37.36308338453881                                     0.0
5    8    14.866068747318506                                     0.0
6    8    34.66987164671943                                     0.0
7    8    61.68468205316454                                     0.0
0    8    21.02379604162864                                     0.0
8    8    0.0                                     0.0
9    8    73.824115301167                                     0.0
10    8    71.84705978674423                                     0.0
11    8    45.09988913511872                                     0.0
12    8    85.7962703152066                                     0.0
13    8    40.718546143004666                                     0.0
14    8    23.53720459187964                                     0.0
15    8    52.630789467763066                                     0.0
16    8    23.021728866442675                                     0.0
17    8    13.601470508735444                                     0.0
18    8    48.16637831516918                                     0.0
19    8    71.30918594402827                                     0.0
20    8    66.30987860040162                                     0.0
21    8    66.2872536767062                                     0.0
22    8    18.027756377319946                                     0.0
23    8    16.0                                     0.0
24    8    57.28001396647874                                     0.0
25    8    64.35060217278468                                     0.0
26    8    63.0                                     0.0
27    8    52.392747589718944                                     0.0
28    8    80.52949770115296                                     0.0
29    8    48.54894437575342                                     0.0
30    8    36.87817782917155                                     0.0
31    8    48.507731342539614                                     0.0
32    8    51.86520991955976                                     0.0
33    8    43.829214001622255                                     0.0
34    8    26.419689627245813                                     0.0
35    8    31.016124838541646                                     0.0
36    8    66.76076692189807                                     0.0
37    8    31.76476034853718                                     0.0
2    9    46.87216658103186                                     0.0
3    9    57.30619512757761                                     0.0
4    9    37.44329045369811                                     0.0
5    9    87.70974860299168                                     0.0
6    9    86.02325267042627                                     0.0
7    9    89.49301648732151                                     0.0
8    9    73.824115301167                                     0.0
0    9    54.91812087098393                                     0.0
9    9    0.0                                     0.0
10    9    12.806248474865697                                     0.0
11    9    65.5133574166368                                     0.0
12    9    25.079872407968907                                     0.0
13    9    50.35871324805669                                     0.0
14    9    72.44308110509934                                     0.0
15    9    35.4400902933387                                     0.0
16    9    54.405882034941776                                     0.0
17    9    60.53924347066124                                     0.0
18    9    35.35533905932738                                     0.0
19    9    58.008620049092706                                     0.0
20    9    50.80354318352215                                     0.0
21    9    38.41874542459709                                     0.0
22    9    55.90169943749474                                     0.0
23    9    68.65857557508748                                     0.0
24    9    28.792360097775937                                     0.0
25    9    13.601470508735444                                     0.0
26    9    31.25699921617557                                     0.0
27    9    55.362442142665635                                     0.0
28    9    8.06225774829855                                     0.0
29    9    62.64982043070834                                     0.0
30    9    73.00684899377592                                     0.0
31    9    47.4236228055175                                     0.0
32    9    64.62197768561404                                     0.0
33    9    64.00781202322104                                     0.0
34    9    91.78235124467012                                     0.0
35    9    56.639209034025185                                     0.0
36    9    50.08991914547278                                     0.0
37    9    60.30754513325841                                     0.0
2    10    42.485291572496                                     0.0
3    10    45.69463863518345                                     0.0
4    10    38.600518131237564                                     0.0
5    10    86.40023148117139                                     0.0
6    10    78.91767862779544                                     0.0
7    10    79.07591289387686                                     0.0
8    10    71.84705978674423                                     0.0
9    10    12.806248474865697                                     0.0
0    10    55.17245689653489                                     0.0
10    10    0.0                                     0.0
11    10    56.142675390472796                                     0.0
12    10    16.15549442140351                                     0.0
13    10    42.190046219457976                                     0.0
14    10    66.48308055437865                                     0.0
15    10    26.0                                     0.0
16    10    55.31726674375732                                     0.0
17    10    58.249463516842795                                     0.0
18    10    27.459060435491963                                     0.0
19    10    68.3593446428504                                     0.0
20    10    38.58756276314948                                     0.0
21    10    26.076809620810597                                     0.0
22    10    54.67174773134658                                     0.0
23    10    64.07807737440318                                     0.0
24    10    19.0                                     0.0
25    10    7.810249675906654                                     0.0
26    10    41.19465984809196                                     0.0
27    10    62.96824596572466                                     0.0
28    10    12.36931687685298                                     0.0
29    10    69.3757882838098                                     0.0
30    10    77.3692445355388                                     0.0
31    10    54.3415126767741                                     0.0
32    10    71.80529228406496                                     0.0
33    10    69.8927750200262                                     0.0
34    10    86.64871608973787                                     0.0
35    10    60.03332407921454                                     0.0
36    10    60.207972893961475                                     0.0
37    10    64.00781202322104                                     0.0
2    11    29.206163733020468                                     0.0
3    11    19.79898987322333                                     0.0
4    11    48.104053883222775                                     0.0
5    11    57.48912940721924                                     0.0
6    11    27.202941017470888                                     0.0
7    11    25.238858928247925                                     0.0
8    11    45.09988913511872                                     0.0
9    11    65.5133574166368                                     0.0
10    11    56.142675390472796                                     0.0
0    11    47.53945729601885                                     0.0
11    11    0.0                                     0.0
12    11    62.96824596572466                                     0.0
13    11    16.1245154965971                                     0.0
14    11    23.40939982143925                                     0.0
15    11    30.265491900843113                                     0.0
16    11    50.15974481593781                                     0.0
17    11    37.8549864614954                                     0.0
18    11    30.364452901377952                                     0.0
19    11    95.67131231461184                                     0.0
20    11    28.0178514522438                                     0.0
21    11    35.4400902933387                                     0.0
22    11    41.43669871020132                                     0.0
23    11    29.154759474226502                                     0.0
24    11    37.21558813185679                                     0.0
25    11    51.97114584074513                                     0.0
26    11    75.0                                     0.0
27    11    79.88116173416608                                     0.0
28    11    68.3593446428504                                     0.0
29    11    80.52949770115296                                     0.0
30    11    75.96051605933177                                     0.0
31    11    72.00694410957877                                     0.0
32    11    84.11896337925236                                     0.0
33    11    77.38862965578342                                     0.0
34    11    41.23105625617661                                     0.0
35    11    61.741396161732524                                     0.0
36    11    88.41379982785493                                     0.0
37    11    65.0                                     0.0
2    12    55.60575509783138                                     0.0
3    12    48.093658625644196                                     0.0
4    12    54.378304497290095                                     0.0
5    12    100.56838469419701                                     0.0
6    12    88.23264701911646                                     0.0
7    12    83.05419917138447                                     0.0
8    12    85.7962703152066                                     0.0
9    12    25.079872407968907                                     0.0
10    12    16.15549442140351                                     0.0
11    12    62.96824596572466                                     0.0
0    12    70.43436661176133                                     0.0
12    12    0.0                                     0.0
13    12    51.62363799656123                                     0.0
14    12    77.38862965578342                                     0.0
15    12    35.34119409414458                                     0.0
16    12    70.80254232723568                                     0.0
17    12    72.24956747275377                                     0.0
18    12    38.58756276314948                                     0.0
19    12    83.00602387778854                                     0.0
20    12    39.319206502675                                     0.0
21    12    28.0178514522438                                     0.0
22    12    69.31089380465383                                     0.0
23    12    76.32168761236873                                     0.0
24    12    29.154759474226502                                     0.0
25    12    23.706539182259394                                     0.0
26    12    56.0357029044876                                     0.0
27    12    78.85429601486528                                     0.0
28    12    18.973665961010276                                     0.0
29    12    85.44003745317531                                     0.0
30    12    93.47192091746055                                     0.0
31    12    70.3420215802759                                     0.0
32    12    87.80091115700337                                     0.0
33    12    86.03487664894976                                     0.0
34    12    97.94386147176351                                     0.0
35    12    76.05918747922567                                     0.0
36    12    75.0066663703967                                     0.0
37    12    80.06247560499239                                     0.0
2    13    15.524174696260024                                     0.0
3    13    22.0                                     0.0
4    13    33.015148038438355                                     0.0
5    13    55.072679252057455                                     0.0
6    13    36.87817782917155                                     0.0
7    13    41.340053217188775                                     0.0
8    13    40.718546143004666                                     0.0
9    13    50.35871324805669                                     0.0
10    13    42.190046219457976                                     0.0
11    13    16.1245154965971                                     0.0
12    13    51.62363799656123                                     0.0
0    13    36.22154055254967                                     0.0
13    13    0.0                                     0.0
14    13    26.076809620810597                                     0.0
15    13    16.492422502470642                                     0.0
16    13    38.47076812334269                                     0.0
17    13    29.614185789921695                                     0.0
18    13    15.033296378372908                                     0.0
19    13    80.60397012554654                                     0.0
20    13    25.632011235952593                                     0.0
21    13    26.90724809414742                                     0.0
22    13    31.0                                     0.0
23    13    27.018512172212592                                     0.0
24    13    23.345235059857504                                     0.0
25    13    37.05401462729781                                     0.0
26    13    59.033888572581766                                     0.0
27    13    65.76473218982953                                     0.0
28    13    54.00925846556311                                     0.0
29    13    67.4166151627327                                     0.0
30    13    65.37583651472461                                     0.0
31    13    57.4543296888929                                     0.0
32    13    70.9365914038728                                     0.0
33    13    64.8459713474939                                     0.0
34    13    46.647615158762406                                     0.0
35    13    49.47726750741192                                     0.0
36    13    73.10950690573696                                     0.0
37    13    53.150729063673246                                     0.0
2    14    26.019223662515376                                     0.0
3    14    42.190046219457976                                     0.0
4    14    43.01162633521314                                     0.0
5    14    34.36568055487916                                     0.0
6    14    15.231546211727817                                     0.0
7    14    38.27531841800928                                     0.0
8    14    23.53720459187964                                     0.0
9    14    72.44308110509934                                     0.0
10    14    66.48308055437865                                     0.0
11    14    23.40939982143925                                     0.0
12    14    77.38862965578342                                     0.0
13    14    26.076809620810597                                     0.0
0    14    34.058772731852805                                     0.0
14    14    0.0                                     0.0
15    14    42.04759208325728                                     0.0
16    14    36.87817782917155                                     0.0
17    14    21.93171219946131                                     0.0
18    14    39.21734310225516                                     0.0
19    14    86.83893136145792                                     0.0
20    14    49.040799340956916                                     0.0
21    14    52.80151512977634                                     0.0
22    14    27.80287754891569                                     0.0
23    14    8.602325267042627                                     0.0
24    14    48.46648326421054                                     0.0
25    14    60.207972893961475                                     0.0
26    14    71.78439941937245                                     0.0
27    14    68.8839603971781                                     0.0
28    14    77.46612162745726                                     0.0
29    14    67.20863039818622                                     0.0
30    14    58.66856057549052                                     0.0
31    14    62.68173577685928                                     0.0
32    14    70.76722405181653                                     0.0
33    14    63.12685640834652                                     0.0
34    14    20.591260281974                                     0.0
35    14    48.08326112068523                                     0.0
36    14    80.77747210701756                                     0.0
37    14    50.32891812864648                                     0.0
2    15    22.47220505424423                                     0.0
3    15    24.08318915758459                                     0.0
4    15    31.144823004794873                                     0.0
5    15    67.47592163134935                                     0.0
6    15    53.36665625650534                                     0.0
7    15    54.08326913195984                                     0.0
8    15    52.630789467763066                                     0.0
9    15    35.4400902933387                                     0.0
10    15    26.0                                     0.0
11    15    30.265491900843113                                     0.0
12    15    35.34119409414458                                     0.0
13    15    16.492422502470642                                     0.0
14    15    42.04759208325728                                     0.0
0    15    41.7612260356422                                     0.0
15    15    0.0                                     0.0
16    15    43.174066289845804                                     0.0
17    15    39.66106403010388                                     0.0
18    15    5.0990195135927845                                     0.0
19    15    75.58438992278762                                     0.0
20    15    21.18962010041709                                     0.0
21    15    14.560219778561036                                     0.0
22    15    38.48376280978771                                     0.0
23    15    41.400483088968905                                     0.0
24    15    7.0                                     0.0
25    15    21.840329667841555                                     0.0
26    15    50.80354318352215                                     0.0
27    15    63.788713735268246                                     0.0
28    15    38.118237105091836                                     0.0
29    15    67.47592163134935                                     0.0
30    15    69.58448102845921                                     0.0
31    15    54.817880294662984                                     0.0
32    15    70.71067811865476                                     0.0
33    15    66.06814663663572                                     0.0
34    15    62.609903369994115                                     0.0
35    15    52.15361924162119                                     0.0
36    15    67.53517601961218                                     0.0
37    15    56.22277118748239                                     0.0
2    16    23.08679276123039                                     0.0
3    16    60.29925372672534                                     0.0
4    16    17.029386365926403                                     0.0
5    16    34.48187929913333                                     0.0
6    16    51.61395160225576                                     0.0
7    16    72.67048919609665                                     0.0
8    16    23.021728866442675                                     0.0
9    16    54.405882034941776                                     0.0
10    16    55.31726674375732                                     0.0
11    16    50.15974481593781                                     0.0
12    16    70.80254232723568                                     0.0
13    16    38.47076812334269                                     0.0
14    16    36.87817782917155                                     0.0
15    16    43.174066289845804                                     0.0
0    16    2.8284271247461903                                     0.0
16    16    0.0                                     0.0
17    16    15.0                                     0.0
18    16    38.07886552931954                                     0.0
19    16    50.24937810560445                                     0.0
20    16    62.07253821135398                                     0.0
21    16    57.723478758647246                                     0.0
22    16    9.219544457292887                                     0.0
23    16    28.600699292150182                                     0.0
24    16    45.31004303683677                                     0.0
25    16    47.50789408087881                                     0.0
26    16    40.01249804748511                                     0.0
27    16    32.01562118716424                                     0.0
28    16    61.84658438426491                                     0.0
29    16    30.805843601498726                                     0.0
30    16    27.018512172212592                                     0.0
31    16    26.40075756488817                                     0.0
32    16    34.40930106817051                                     0.0
33    16    27.294688127912362                                     0.0
34    16    48.08326112068523                                     0.0
35    16    11.661903789690601                                     0.0
36    16    44.77722635447622                                     0.0
37    16    14.866068747318506                                     0.0
2    17    17.204650534085253                                     0.0
3    17    51.35172830587107                                     0.0
4    17    25.079872407968907                                     0.0
5    17    28.319604517012593                                     0.0
6    17    36.61966684720111                                     0.0
7    17    58.66856057549052                                     0.0
8    17    13.601470508735444                                     0.0
9    17    60.53924347066124                                     0.0
10    17    58.249463516842795                                     0.0
11    17    37.8549864614954                                     0.0
12    17    72.24956747275377                                     0.0
13    17    29.614185789921695                                     0.0
14    17    21.93171219946131                                     0.0
15    17    39.66106403010388                                     0.0
16    17    15.0                                     0.0
0    17    12.206555615733702                                     0.0
17    17    0.0                                     0.0
18    17    35.0                                     0.0
19    17    65.19202405202648                                     0.0
20    17    55.08175741568164                                     0.0
21    17    53.71219600798314                                     0.0
22    17    6.324555320336759                                     0.0
23    17    13.601470508735444                                     0.0
24    17    43.93176527297759                                     0.0
25    17    50.774009099144415                                     0.0
26    17    52.61178575186362                                     0.0
27    17    47.01063709417264                                     0.0
28    17    67.08203932499369                                     0.0
29    17    45.34313619501854                                     0.0
30    17    38.27531841800928                                     0.0
31    17    41.182520563948                                     0.0
32    17    48.91829923454004                                     0.0
33    17    41.400483088968905                                     0.0
34    17    34.36568055487916                                     0.0
35    17    26.1725046566048                                     0.0
36    17    59.481089431852205                                     0.0
37    17    28.600699292150182                                     0.0
2    18    17.804493814764857                                     0.0
3    18    27.459060435491963                                     0.0
4    18    26.30589287593181                                     0.0
5    18    63.0317380372777                                     0.0
6    18    51.478150704935004                                     0.0
7    18    55.036351623268054                                     0.0
8    18    48.16637831516918                                     0.0
9    18    35.35533905932738                                     0.0
10    18    27.459060435491963                                     0.0
11    18    30.364452901377952                                     0.0
12    18    38.58756276314948                                     0.0
13    18    15.033296378372908                                     0.0
14    18    39.21734310225516                                     0.0
15    18    5.0990195135927845                                     0.0
16    18    38.07886552931954                                     0.0
17    18    35.0                                     0.0
0    18    36.68787265568828                                     0.0
18    18    0.0                                     0.0
19    18    71.58910531638176                                     0.0
20    18    25.709920264364882                                     0.0
21    18    19.6468827043885                                     0.0
22    18    33.54101966249684                                     0.0
23    18    37.73592452822641                                     0.0
24    18    9.433981132056603                                     0.0
25    18    22.02271554554524                                     0.0
26    18    47.50789408087881                                     0.0
27    18    59.20304046246274                                     0.0
28    18    39.05124837953327                                     0.0
29    18    62.64982043070834                                     0.0
30    18    64.4980619863884                                     0.0
31    18    50.28916384272063                                     0.0
32    18    65.92419889539804                                     0.0
33    18    61.1310068623117                                     0.0
34    18    59.61543424315552                                     0.0
35    18    47.095647357266465                                     0.0
36    18    63.631753079732135                                     0.0
37    18    51.15662224971465                                     0.0
2    19    66.52818951391959                                     0.0
3    19    98.97979591815695                                     0.0
4    19    47.634021455258214                                     0.0
5    19    77.6659513557904                                     0.0
6    19    101.78899744078434                                     0.0
7    19    120.21647141718975                                     0.0
8    19    71.30918594402827                                     0.0
9    19    58.008620049092706                                     0.0
10    19    68.3593446428504                                     0.0
11    19    95.67131231461184                                     0.0
12    19    83.00602387778854                                     0.0
13    19    80.60397012554654                                     0.0
14    19    86.83893136145792                                     0.0
15    19    75.58438992278762                                     0.0
16    19    50.24937810560445                                     0.0
17    19    65.19202405202648                                     0.0
18    19    71.58910531638176                                     0.0
0    19    53.0                                     0.0
19    19    0.0                                     0.0
20    19    96.66436778875658                                     0.0
21    19    86.97700845625813                                     0.0
22    19    59.07622195096772                                     0.0
23    19    78.77182237323191                                     0.0
24    19    72.80109889280519                                     0.0
25    19    63.150613615387776                                     0.0
26    19    27.16615541441225                                     0.0
27    19    18.973665961010276                                     0.0
28    19    65.19202405202648                                     0.0
29    19    25.019992006393608                                     0.0
30    19    42.01190307520001                                     0.0
31    19    24.20743687382041                                     0.0
32    19    23.08679276123039                                     0.0
33    19    30.066592756745816                                     0.0
34    19    97.57561170702442                                     0.0
35    19    40.311288741492746                                     0.0
36    19    8.246211251235321                                     0.0
37    19    39.84971769034255                                     0.0
2    20    39.319206502675                                     0.0
3    20    9.219544457292887                                     0.0
4    20    51.97114584074513                                     0.0
5    20    80.49844718999243                                     0.0
6    20    55.21775076911409                                     0.0
7    20    44.04543109109048                                     0.0
8    20    66.30987860040162                                     0.0
9    20    50.80354318352215                                     0.0
10    20    38.58756276314948                                     0.0
11    20    28.0178514522438                                     0.0
12    20    39.319206502675                                     0.0
13    20    25.632011235952593                                     0.0
14    20    49.040799340956916                                     0.0
15    20    21.18962010041709                                     0.0
16    20    62.07253821135398                                     0.0
17    20    55.08175741568164                                     0.0
18    20    25.709920264364882                                     0.0
19    20    96.66436778875658                                     0.0
0    20    60.207972893961475                                     0.0
20    20    0.0                                     0.0
21    20    12.529964086141668                                     0.0
22    20    55.731499172371095                                     0.0
23    20    51.97114584074513                                     0.0
24    20    24.413111231467404                                     0.0
25    20    38.2099463490856                                     0.0
26    20    71.34423592694787                                     0.0
27    20    84.8999411071645                                     0.0
28    20    50.53711507397311                                     0.0
29    20    88.28363381737297                                     0.0
30    20    89.02246907382428                                     0.0
31    20    75.96051605933177                                     0.0
32    20    91.59148432032315                                     0.0
33    20    86.57944328765345                                     0.0
34    20    68.59300255857006                                     0.0
35    20    72.06247289678588                                     0.0
36    20    88.56635930193812                                     0.0
37    20    76.02631123499285                                     0.0
2    21    36.6742416417845                                     0.0
3    21    20.396078054371138                                     0.0
4    21    45.0111097397076                                     0.0
5    21    81.02468759581859                                     0.0
6    21    61.741396161732524                                     0.0
7    21    55.14526271584895                                     0.0
8    21    66.2872536767062                                     0.0
9    21    38.41874542459709                                     0.0
10    21    26.076809620810597                                     0.0
11    21    35.4400902933387                                     0.0
12    21    28.0178514522438                                     0.0
13    21    26.90724809414742                                     0.0
14    21    52.80151512977634                                     0.0
15    21    14.560219778561036                                     0.0
16    21    57.723478758647246                                     0.0
17    21    53.71219600798314                                     0.0
18    21    19.6468827043885                                     0.0
19    21    86.97700845625813                                     0.0
20    21    12.529964086141668                                     0.0
0    21    56.32051136131489                                     0.0
21    21    0.0                                     0.0
22    21    52.92447448959697                                     0.0
23    21    53.75872022286245                                     0.0
24    21    14.317821063276353                                     0.0
25    21    26.248809496813376                                     0.0
26    21    60.83584469702052                                     0.0
27    21    76.79192665899195                                     0.0
28    21    38.01315561749642                                     0.0
29    21    81.09870529176159                                     0.0
30    21    84.01190391843289                                     0.0
31    21    67.7421582177598                                     0.0
32    21    84.2140130857092                                     0.0
33    21    80.00624975587844                                     0.0
34    21    73.23933369440222                                     0.0
35    21    66.48308055437865                                     0.0
36    21    78.77182237323191                                     0.0
37    21    70.57619995437555                                     0.0
2    22    16.492422502470642                                     0.0
3    22    53.0                                     0.0
4    22    19.4164878389476                                     0.0
5    22    31.906112267087632                                     0.0
6    22    42.720018726587654                                     0.0
7    22    63.51377803280167                                     0.0
8    22    18.027756377319946                                     0.0
9    22    55.90169943749474                                     0.0
10    22    54.67174773134658                                     0.0
11    22    41.43669871020132                                     0.0
12    22    69.31089380465383                                     0.0
13    22    31.0                                     0.0
14    22    27.80287754891569                                     0.0
15    22    38.48376280978771                                     0.0
16    22    9.219544457292887                                     0.0
17    22    6.324555320336759                                     0.0
18    22    33.54101966249684                                     0.0
19    22    59.07622195096772                                     0.0
20    22    55.731499172371095                                     0.0
21    22    52.92447448959697                                     0.0
0    22    6.4031242374328485                                     0.0
22    22    0.0                                     0.0
23    22    19.72308292331602                                     0.0
24    22    41.88078318274385                                     0.0
25    22    47.01063709417264                                     0.0
26    22    46.389654018972806                                     0.0
27    22    41.10960958218893                                     0.0
28    22    62.76941930590086                                     0.0
29    22    40.0                                     0.0
30    22    34.713109915419565                                     0.0
31    22    34.9857113690718                                     0.0
32    22    43.60045871318328                                     0.0
33    22    36.359317925395686                                     0.0
34    22    40.607881008493905                                     0.0
35    22    20.808652046684813                                     0.0
36    22    53.23532661682466                                     0.0
37    22    23.706539182259394                                     0.0
2    23    21.840329667841555                                     0.0
3    23    46.238512086787566                                     0.0
4    23    36.49657518178932                                     0.0
5    23    28.792360097775937                                     0.0
6    23    23.021728866442675                                     0.0
7    23    46.61544808322666                                     0.0
8    23    16.0                                     0.0
9    23    68.65857557508748                                     0.0
10    23    64.07807737440318                                     0.0
11    23    29.154759474226502                                     0.0
12    23    76.32168761236873                                     0.0
13    23    27.018512172212592                                     0.0
14    23    8.602325267042627                                     0.0
15    23    41.400483088968905                                     0.0
16    23    28.600699292150182                                     0.0
17    23    13.601470508735444                                     0.0
18    23    37.73592452822641                                     0.0
19    23    78.77182237323191                                     0.0
20    23    51.97114584074513                                     0.0
21    23    53.75872022286245                                     0.0
22    23    19.72308292331602                                     0.0
0    23    25.80697580112788                                     0.0
23    23    0.0                                     0.0
24    23    47.16990566028302                                     0.0
25    23    57.245087125446844                                     0.0
26    23    65.0                                     0.0
27    23    60.60528029800704                                     0.0
28    23    74.33034373659252                                     0.0
29    23    58.69412236331676                                     0.0
30    23    50.11985634456667                                     0.0
31    23    54.70831746635972                                     0.0
32    23    62.24146527838174                                     0.0
33    23    54.56189146281496                                     0.0
34    23    23.194827009486403                                     0.0
35    23    39.6232255123179                                     0.0
36    23    72.94518489934754                                     0.0
37    23    41.773197148410844                                     0.0
2    24    26.870057685088806                                     0.0
3    24    29.206163733020468                                     0.0
4    24    31.25699921617557                                     0.0
5    24    72.13875518748573                                     0.0
6    24    60.207972893961475                                     0.0
7    24    60.728905802755904                                     0.0
8    24    57.28001396647874                                     0.0
9    24    28.792360097775937                                     0.0
10    24    19.0                                     0.0
11    24    37.21558813185679                                     0.0
12    24    29.154759474226502                                     0.0
13    24    23.345235059857504                                     0.0
14    24    48.46648326421054                                     0.0
15    24    7.0                                     0.0
16    24    45.31004303683677                                     0.0
17    24    43.93176527297759                                     0.0
18    24    9.433981132056603                                     0.0
19    24    72.80109889280519                                     0.0
20    24    24.413111231467404                                     0.0
21    24    14.317821063276353                                     0.0
22    24    41.88078318274385                                     0.0
23    24    47.16990566028302                                     0.0
0    24    44.28317965096906                                     0.0
24    24    0.0                                     0.0
25    24    15.231546211727817                                     0.0
26    24    47.01063709417264                                     0.0
27    24    62.51399843235114                                     0.0
28    24    31.144823004794873                                     0.0
29    24    67.00746227100382                                     0.0
30    24    70.83078426785913                                     0.0
31    24    53.46026561849464                                     0.0
32    24    70.06425622241343                                     0.0
33    24    66.12110101926616                                     0.0
34    24    68.94200461257273                                     0.0
35    24    53.150729063673246                                     0.0
36    24    64.62197768561404                                     0.0
37    24    57.271284253105414                                     0.0
2    25    35.4682957019364                                     0.0
3    25    44.10215414239989                                     0.0
4    25    30.805843601498726                                     0.0
5    25    78.81624198095213                                     0.0
6    25    73.24616030891995                                     0.0
7    25    75.8946638440411                                     0.0
8    25    64.35060217278468                                     0.0
9    25    13.601470508735444                                     0.0
10    25    7.810249675906654                                     0.0
11    25    51.97114584074513                                     0.0
12    25    23.706539182259394                                     0.0
13    25    37.05401462729781                                     0.0
14    25    60.207972893961475                                     0.0
15    25    21.840329667841555                                     0.0
16    25    47.50789408087881                                     0.0
17    25    50.774009099144415                                     0.0
18    25    22.02271554554524                                     0.0
19    25    63.150613615387776                                     0.0
20    25    38.2099463490856                                     0.0
21    25    26.248809496813376                                     0.0
22    25    47.01063709417264                                     0.0
23    25    57.245087125446844                                     0.0
24    25    15.231546211727817                                     0.0
0    25    47.38143096192854                                     0.0
25    25    0.0                                     0.0
26    25    36.138621999185304                                     0.0
27    25    56.32051136131489                                     0.0
28    25    17.26267650163207                                     0.0
29    25    62.369864518050704                                     0.0
30    25    69.77822009767804                                     0.0
31    25    47.51841748206689                                     0.0
32    25    64.93843238021688                                     0.0
33    25    62.6418390534633                                     0.0
34    25    80.0812087820857                                     0.0
35    25    52.354560450833695                                     0.0
36    25    54.91812087098393                                     0.0
37    25    56.356011214421486                                     0.0
2    26    47.41307836451879                                     0.0
3    26    74.81310045707235                                     0.0
4    26    28.792360097775937                                     0.0
5    26    73.824115301167                                     0.0
6    26    86.97700845625813                                     0.0
7    26    100.20977996183805                                     0.0
8    26    63.0                                     0.0
9    26    31.25699921617557                                     0.0
10    26    41.19465984809196                                     0.0
11    26    75.0                                     0.0
12    26    56.0357029044876                                     0.0
13    26    59.033888572581766                                     0.0
14    26    71.78439941937245                                     0.0
15    26    50.80354318352215                                     0.0
16    26    40.01249804748511                                     0.0
17    26    52.61178575186362                                     0.0
18    26    47.50789408087881                                     0.0
19    26    27.16615541441225                                     0.0
20    26    71.34423592694787                                     0.0
21    26    60.83584469702052                                     0.0
22    26    46.389654018972806                                     0.0
23    26    65.0                                     0.0
24    26    47.01063709417264                                     0.0
25    26    36.138621999185304                                     0.0
0    26    42.01190307520001                                     0.0
26    26    0.0                                     0.0
27    26    25.80697580112788                                     0.0
28    26    38.8329756778952                                     0.0
29    26    34.058772731852805                                     0.0
30    26    48.010415536631214                                     0.0
31    26    20.0                                     0.0
32    26    35.22782990761707                                     0.0
33    26    36.796738985948195                                     0.0
34    26    86.97700845625813                                     0.0
35    26    35.73513677041127                                     0.0
36    26    19.026297590440446                                     0.0
37    26    38.07886552931954                                     0.0
2    27    50.774009099144415                                     0.0
3    27    85.7962703152066                                     0.0
4    27    33.24154027718932                                     0.0
5    27    58.855755878248644                                     0.0
6    27    83.60023923410746                                     0.0
7    27    103.71113729971339                                     0.0
8    27    52.392747589718944                                     0.0
9    27    55.362442142665635                                     0.0
10    27    62.96824596572466                                     0.0
11    27    79.88116173416608                                     0.0
12    27    78.85429601486528                                     0.0
13    27    65.76473218982953                                     0.0
14    27    68.8839603971781                                     0.0
15    27    63.788713735268246                                     0.0
16    27    32.01562118716424                                     0.0
17    27    47.01063709417264                                     0.0
18    27    59.20304046246274                                     0.0
19    27    18.973665961010276                                     0.0
20    27    84.8999411071645                                     0.0
21    27    76.79192665899195                                     0.0
22    27    41.10960958218893                                     0.0
23    27    60.60528029800704                                     0.0
24    27    62.51399843235114                                     0.0
25    27    56.32051136131489                                     0.0
26    27    25.80697580112788                                     0.0
0    27    34.828149534535996                                     0.0
27    27    0.0                                     0.0
28    27    63.324560795950255                                     0.0
29    27    8.602325267042627                                     0.0
30    27    25.0                                     0.0
31    27    9.055385138137417                                     0.0
32    27    9.433981132056603                                     0.0
33    27    12.649110640673518                                     0.0
34    27    78.7210264160726                                     0.0
35    27    21.470910553583888                                     0.0
36    27    16.1245154965971                                     0.0
37    27    20.8806130178211                                     0.0
2    28    52.49761899362675                                     0.0
3    28    57.9396237474839                                     0.0
4    28    44.82186966202994                                     0.0
5    28    94.66784036831093                                     0.0
6    28    90.44888059008801                                     0.0
7    28    91.44397191723465                                     0.0
8    28    80.52949770115296                                     0.0
9    28    8.06225774829855                                     0.0
10    28    12.36931687685298                                     0.0
11    28    68.3593446428504                                     0.0
12    28    18.973665961010276                                     0.0
13    28    54.00925846556311                                     0.0
14    28    77.46612162745726                                     0.0
15    28    38.118237105091836                                     0.0
16    28    61.84658438426491                                     0.0
17    28    67.08203932499369                                     0.0
18    28    39.05124837953327                                     0.0
19    28    65.19202405202648                                     0.0
20    28    50.53711507397311                                     0.0
21    28    38.01315561749642                                     0.0
22    28    62.76941930590086                                     0.0
23    28    74.33034373659252                                     0.0
24    28    31.144823004794873                                     0.0
25    28    17.26267650163207                                     0.0
26    28    38.8329756778952                                     0.0
27    28    63.324560795950255                                     0.0
0    28    62.20128616033595                                     0.0
28    28    0.0                                     0.0
29    28    70.68238818828917                                     0.0
30    28    81.02468759581859                                     0.0
31    28    55.46169849544819                                     0.0
32    28    72.61542535852834                                     0.0
33    28    72.069410986909                                     0.0
34    28    97.26767191621273                                     0.0
35    28    64.53681120105021                                     0.0
36    28    57.42821606144492                                     0.0
37    28    68.24954212300622                                     0.0
2    29    52.0                                     0.0
3    29    88.32326986700618                                     0.0
4    29    36.345563690772494                                     0.0
5    29    53.16013544000805                                     0.0
6    29    81.39410298049853                                     0.0
7    29    103.46980235798269                                     0.0
8    29    48.54894437575342                                     0.0
9    29    62.64982043070834                                     0.0
10    29    69.3757882838098                                     0.0
11    29    80.52949770115296                                     0.0
12    29    85.44003745317531                                     0.0
13    29    67.4166151627327                                     0.0
14    29    67.20863039818622                                     0.0
15    29    67.47592163134935                                     0.0
16    29    30.805843601498726                                     0.0
17    29    45.34313619501854                                     0.0
18    29    62.64982043070834                                     0.0
19    29    25.019992006393608                                     0.0
20    29    88.28363381737297                                     0.0
21    29    81.09870529176159                                     0.0
22    29    40.0                                     0.0
23    29    58.69412236331676                                     0.0
24    29    67.00746227100382                                     0.0
25    29    62.369864518050704                                     0.0
26    29    34.058772731852805                                     0.0
27    29    8.602325267042627                                     0.0
28    29    70.68238818828917                                     0.0
0    29    33.60059523282288                                     0.0
29    29    0.0                                     0.0
30    29    17.11724276862369                                     0.0
31    29    15.231546211727817                                     0.0
32    29    3.605551275463989                                     0.0
33    29    5.0990195135927845                                     0.0
34    29    74.94664769020693                                     0.0
35    29    19.209372712298546                                     0.0
36    29    24.041630560342615                                     0.0
37    29    17.029386365926403                                     0.0
2    30    50.08991914547278                                     0.0
3    30    87.28115489611719                                     0.0
4    30    39.84971769034255                                     0.0
5    30    38.01315561749642                                     0.0
6    30    71.40028011149536                                     0.0
7    30    96.60745312862771                                     0.0
8    30    36.87817782917155                                     0.0
9    30    73.00684899377592                                     0.0
10    30    77.3692445355388                                     0.0
11    30    75.96051605933177                                     0.0
12    30    93.47192091746055                                     0.0
13    30    65.37583651472461                                     0.0
14    30    58.66856057549052                                     0.0
15    30    69.58448102845921                                     0.0
16    30    27.018512172212592                                     0.0
17    30    38.27531841800928                                     0.0
18    30    64.4980619863884                                     0.0
19    30    42.01190307520001                                     0.0
20    30    89.02246907382428                                     0.0
21    30    84.01190391843289                                     0.0
22    30    34.713109915419565                                     0.0
23    30    50.11985634456667                                     0.0
24    30    70.83078426785913                                     0.0
25    30    69.77822009767804                                     0.0
26    30    48.010415536631214                                     0.0
27    30    25.0                                     0.0
28    30    81.02468759581859                                     0.0
29    30    17.11724276862369                                     0.0
0    30    29.154759474226502                                     0.0
30    30    0.0                                     0.0
31    30    28.0178514522438                                     0.0
32    30    19.026297590440446                                     0.0
33    30    12.36931687685298                                     0.0
34    30    62.369864518050704                                     0.0
35    30    17.72004514666935                                     0.0
36    30    41.0                                     0.0
37    30    13.601470508735444                                     0.0
2    31    42.80186911806539                                     0.0
3    31    77.07788269017254                                     0.0
4    31    24.596747752497688                                     0.0
5    31    57.0087712549569                                     0.0
6    31    77.69813382572325                                     0.0
7    31    96.26006440887103                                     0.0
8    31    48.507731342539614                                     0.0
9    31    47.4236228055175                                     0.0
10    31    54.3415126767741                                     0.0
11    31    72.00694410957877                                     0.0
12    31    70.3420215802759                                     0.0
13    31    57.4543296888929                                     0.0
14    31    62.68173577685928                                     0.0
15    31    54.817880294662984                                     0.0
16    31    26.40075756488817                                     0.0
17    31    41.182520563948                                     0.0
18    31    50.28916384272063                                     0.0
19    31    24.20743687382041                                     0.0
20    31    75.96051605933177                                     0.0
21    31    67.7421582177598                                     0.0
22    31    34.9857113690718                                     0.0
23    31    54.70831746635972                                     0.0
24    31    53.46026561849464                                     0.0
25    31    47.51841748206689                                     0.0
26    31    20.0                                     0.0
27    31    9.055385138137417                                     0.0
28    31    55.46169849544819                                     0.0
29    31    15.231546211727817                                     0.0
30    31    28.0178514522438                                     0.0
0    31    29.068883707497267                                     0.0
31    31    0.0                                     0.0
32    31    17.46424919657298                                     0.0
33    31    17.029386365926403                                     0.0
34    31    74.33034373659252                                     0.0
35    31    18.027756377319946                                     0.0
36    31    18.384776310850235                                     0.0
37    31    19.235384061671343                                     0.0
2    32    55.54277630799526                                     0.0
3    32    91.76055797563569                                     0.0
4    32    39.6232255123179                                     0.0
5    32    55.97320787662612                                     0.0
6    32    84.8999411071645                                     0.0
7    32    107.07474025184464                                     0.0
8    32    51.86520991955976                                     0.0
9    32    64.62197768561404                                     0.0
10    32    71.80529228406496                                     0.0
11    32    84.11896337925236                                     0.0
12    32    87.80091115700337                                     0.0
13    32    70.9365914038728                                     0.0
14    32    70.76722405181653                                     0.0
15    32    70.71067811865476                                     0.0
16    32    34.40930106817051                                     0.0
17    32    48.91829923454004                                     0.0
18    32    65.92419889539804                                     0.0
19    32    23.08679276123039                                     0.0
20    32    91.59148432032315                                     0.0
21    32    84.2140130857092                                     0.0
22    32    43.60045871318328                                     0.0
23    32    62.24146527838174                                     0.0
24    32    70.06425622241343                                     0.0
25    32    64.93843238021688                                     0.0
26    32    35.22782990761707                                     0.0
27    32    9.433981132056603                                     0.0
28    32    72.61542535852834                                     0.0
29    32    3.605551275463989                                     0.0
30    32    19.026297590440446                                     0.0
31    32    17.46424919657298                                     0.0
0    32    37.20215047547655                                     0.0
32    32    0.0                                     0.0
33    32    8.06225774829855                                     0.0
34    32    78.23042886243178                                     0.0
35    32    22.80350850198276                                     0.0
36    32    23.259406699226016                                     0.0
37    32    20.518284528683193                                     0.0
2    33    49.33558553417604                                     0.0
3    33    86.12200647918046                                     0.0
4    33    35.0                                     0.0
5    33    48.08326112068523                                     0.0
6    33    77.07788269017254                                     0.0
7    33    99.85990186255943                                     0.0
8    33    43.829214001622255                                     0.0
9    33    64.00781202322104                                     0.0
10    33    69.8927750200262                                     0.0
11    33    77.38862965578342                                     0.0
12    33    86.03487664894976                                     0.0
13    33    64.8459713474939                                     0.0
14    33    63.12685640834652                                     0.0
15    33    66.06814663663572                                     0.0
16    33    27.294688127912362                                     0.0
17    33    41.400483088968905                                     0.0
18    33    61.1310068623117                                     0.0
19    33    30.066592756745816                                     0.0
20    33    86.57944328765345                                     0.0
21    33    80.00624975587844                                     0.0
22    33    36.359317925395686                                     0.0
23    33    54.56189146281496                                     0.0
24    33    66.12110101926616                                     0.0
25    33    62.6418390534633                                     0.0
26    33    36.796738985948195                                     0.0
27    33    12.649110640673518                                     0.0
28    33    72.069410986909                                     0.0
29    33    5.0990195135927845                                     0.0
30    33    12.36931687685298                                     0.0
31    33    17.029386365926403                                     0.0
32    33    8.06225774829855                                     0.0
0    33    30.01666203960727                                     0.0
33    33    0.0                                     0.0
34    33    70.178344238091                                     0.0
35    33    15.652475842498529                                     0.0
36    33    28.635642126552707                                     0.0
37    33    12.806248474865697                                     0.0
2    34    44.91102314577124                                     0.0
3    34    60.959002616512684                                     0.0
4    34    59.07622195096772                                     0.0
5    34    27.294688127912362                                     0.0
6    34    16.492422502470642                                     0.0
7    34    46.2709412050371                                     0.0
8    34    26.419689627245813                                     0.0
9    34    91.78235124467012                                     0.0
10    34    86.64871608973787                                     0.0
11    34    41.23105625617661                                     0.0
12    34    97.94386147176351                                     0.0
13    34    46.647615158762406                                     0.0
14    34    20.591260281974                                     0.0
15    34    62.609903369994115                                     0.0
16    34    48.08326112068523                                     0.0
17    34    34.36568055487916                                     0.0
18    34    59.61543424315552                                     0.0
19    34    97.57561170702442                                     0.0
20    34    68.59300255857006                                     0.0
21    34    73.23933369440222                                     0.0
22    34    40.607881008493905                                     0.0
23    34    23.194827009486403                                     0.0
24    34    68.94200461257273                                     0.0
25    34    80.0812087820857                                     0.0
26    34    86.97700845625813                                     0.0
27    34    78.7210264160726                                     0.0
28    34    97.26767191621273                                     0.0
29    34    74.94664769020693                                     0.0
30    34    62.369864518050704                                     0.0
31    34    74.33034373659252                                     0.0
32    34    78.23042886243178                                     0.0
33    34    70.178344238091                                     0.0
0    34    45.60701700396552                                     0.0
34    34    0.0                                     0.0
35    34    57.271284253105414                                     0.0
36    34    92.69843580125827                                     0.0
37    34    58.180752831155424                                     0.0
2    35    33.95585369269929                                     0.0
3    35    71.02112361825881                                     0.0
4    35    22.135943621178654                                     0.0
5    35    39.0                                     0.0
6    35    62.48199740725323                                     0.0
7    35    84.31488599292535                                     0.0
8    35    31.016124838541646                                     0.0
9    35    56.639209034025185                                     0.0
10    35    60.03332407921454                                     0.0
11    35    61.741396161732524                                     0.0
12    35    76.05918747922567                                     0.0
13    35    49.47726750741192                                     0.0
14    35    48.08326112068523                                     0.0
15    35    52.15361924162119                                     0.0
16    35    11.661903789690601                                     0.0
17    35    26.1725046566048                                     0.0
18    35    47.095647357266465                                     0.0
19    35    40.311288741492746                                     0.0
20    35    72.06247289678588                                     0.0
21    35    66.48308055437865                                     0.0
22    35    20.808652046684813                                     0.0
23    35    39.6232255123179                                     0.0
24    35    53.150729063673246                                     0.0
25    35    52.354560450833695                                     0.0
26    35    35.73513677041127                                     0.0
27    35    21.470910553583888                                     0.0
28    35    64.53681120105021                                     0.0
29    35    19.209372712298546                                     0.0
30    35    17.72004514666935                                     0.0
31    35    18.027756377319946                                     0.0
32    35    22.80350850198276                                     0.0
33    35    15.652475842498529                                     0.0
34    35    57.271284253105414                                     0.0
0    35    14.422205101855956                                     0.0
35    35    0.0                                     0.0
36    35    35.90264614203248                                     0.0
37    35    4.123105625617661                                     0.0
2    36    59.413803110051795                                     0.0
3    36    91.0659101969557                                     0.0
4    36    40.311288741492746                                     0.0
5    36    74.43117626371358                                     0.0
6    36    95.88013350011565                                     0.0
7    36    113.17243480636087                                     0.0
8    36    66.76076692189807                                     0.0
9    36    50.08991914547278                                     0.0
10    36    60.207972893961475                                     0.0
11    36    88.41379982785493                                     0.0
12    36    75.0066663703967                                     0.0
13    36    73.10950690573696                                     0.0
14    36    80.77747210701756                                     0.0
15    36    67.53517601961218                                     0.0
16    36    44.77722635447622                                     0.0
17    36    59.481089431852205                                     0.0
18    36    63.631753079732135                                     0.0
19    36    8.246211251235321                                     0.0
20    36    88.56635930193812                                     0.0
21    36    78.77182237323191                                     0.0
22    36    53.23532661682466                                     0.0
23    36    72.94518489934754                                     0.0
24    36    64.62197768561404                                     0.0
25    36    54.91812087098393                                     0.0
26    36    19.026297590440446                                     0.0
27    36    16.1245154965971                                     0.0
28    36    57.42821606144492                                     0.0
29    36    24.041630560342615                                     0.0
30    36    41.0                                     0.0
31    36    18.384776310850235                                     0.0
32    36    23.259406699226016                                     0.0
33    36    28.635642126552707                                     0.0
34    36    92.69843580125827                                     0.0
35    36    35.90264614203248                                     0.0
0    36    47.4236228055175                                     0.0
36    36    0.0                                     0.0
37    36    36.22154055254967                                     0.0
2    37    37.656340767525464                                     0.0
3    37    74.81310045707235                                     0.0
4    37    26.248809496813376                                     0.0
5    37    38.2099463490856                                     0.0
6    37    64.38167441127949                                     0.0
7    37    87.13208364316786                                     0.0
8    37    31.76476034853718                                     0.0
9    37    60.30754513325841                                     0.0
10    37    64.00781202322104                                     0.0
11    37    65.0                                     0.0
12    37    80.06247560499239                                     0.0
13    37    53.150729063673246                                     0.0
14    37    50.32891812864648                                     0.0
15    37    56.22277118748239                                     0.0
16    37    14.866068747318506                                     0.0
17    37    28.600699292150182                                     0.0
18    37    51.15662224971465                                     0.0
19    37    39.84971769034255                                     0.0
20    37    76.02631123499285                                     0.0
21    37    70.57619995437555                                     0.0
22    37    23.706539182259394                                     0.0
23    37    41.773197148410844                                     0.0
24    37    57.271284253105414                                     0.0
25    37    56.356011214421486                                     0.0
26    37    38.07886552931954                                     0.0
27    37    20.8806130178211                                     0.0
28    37    68.24954212300622                                     0.0
29    37    17.029386365926403                                     0.0
30    37    13.601470508735444                                     0.0
31    37    19.235384061671343                                     0.0
32    37    20.518284528683193                                     0.0
33    37    12.806248474865697                                     0.0
34    37    58.180752831155424                                     0.0
35    37    4.123105625617661                                     0.0
36    37    36.22154055254967                                     0.0
0    37    17.46424919657298                                     0.0
37    37    0.0                                     0.0
