0    2    34.92849839314596                                     0.0
2    2    0.0                                     0.0
3    2    60.30754513325841                                     0.0
4    2    59.20304046246274                                     0.0
5    2    90.87353850269065                                     0.0
6    2    80.7093550959243                                     0.0
7    2    40.496913462633174                                     0.0
8    2    13.0                                     0.0
9    2    84.40379138403677                                     0.0
10    2    94.13288479590966                                     0.0
11    2    100.46392387319938                                     0.0
12    2    97.14422267947796                                     0.0
13    2    8.246211251235321                                     0.0
14    2    22.47220505424423                                     0.0
15    2    38.07886552931954                                     0.0
16    2    97.29337079164233                                     0.0
17    2    10.63014581273465                                     0.0
18    2    42.2965719651132                                     0.0
19    2    77.92945527847606                                     0.0
20    2    41.10960958218893                                     0.0
21    2    67.20863039818622                                     0.0
22    2    30.066592756745816                                     0.0
23    2    91.02197536858887                                     0.0
24    2    64.35060217278468                                     0.0
25    2    39.35733730830886                                     0.0
26    2    101.87246929372037                                     0.0
27    2    19.4164878389476                                     0.0
28    2    46.32493928760188                                     0.0
29    2    78.54934754662193                                     0.0
30    2    80.32434251209281                                     0.0
31    2    19.4164878389476                                     0.0
32    2    39.05124837953327                                     0.0
2    0    34.92849839314596                                     0.0
3    0    77.87810988975015                                     0.0
4    0    75.58438992278762                                     0.0
5    0    97.58073580374356                                     0.0
6    0    54.57105459856901                                     0.0
7    0    51.884487084291386                                     0.0
8    0    37.05401462729781                                     0.0
9    0    85.60373823613078                                     0.0
10    0    88.14193099768123                                     0.0
11    0    79.22752047110903                                     0.0
12    0    101.41498903022176                                     0.0
13    0    28.844410203711913                                     0.0
14    0    51.03920062069938                                     0.0
15    0    27.018512172212592                                     0.0
16    0    81.74350127074322                                     0.0
17    0    25.709920264364882                                     0.0
18    0    74.54528824815154                                     0.0
19    0    76.84399781375251                                     0.0
20    0    73.824115301167                                     0.0
21    0    36.235341863986875                                     0.0
22    0    64.03124237432849                                     0.0
23    0    84.17244204607586                                     0.0
24    0    78.03204469959762                                     0.0
25    0    25.238858928247925                                     0.0
26    0    75.96051605933177                                     0.0
27    0    21.095023109728988                                     0.0
28    0    25.96150997149434                                     0.0
29    0    84.86459803710851                                     0.0
30    0    62.289646009589745                                     0.0
31    0    16.278820596099706                                     0.0
32    0    72.78049189171504                                     0.0
2    3    60.30754513325841                                     0.0
0    3    77.87810988975015                                     0.0
3    3    0.0                                     0.0
4    3    3.1622776601683795                                     0.0
5    3    37.05401462729781                                     0.0
6    3    86.58521813797087                                     0.0
7    3    26.248809496813376                                     0.0
8    3    48.08326112068523                                     0.0
9    3    40.70626487409524                                     0.0
10    3    58.82176467941097                                     0.0
11    3    90.21086409075129                                     0.0
12    3    45.27692569068709                                     0.0
13    3    67.17886572427373                                     0.0
14    3    39.44616584663204                                     0.0
15    3    55.10898293381942                                     0.0
16    3    77.46612162745726                                     0.0
17    3    59.665735560705194                                     0.0
18    3    41.10960958218893                                     0.0
19    3    41.10960958218893                                     0.0
20    3    43.04648650006177                                     0.0
21    3    88.0                                     0.0
22    3    48.83646178829912                                     0.0
23    3    58.25804665451803                                     0.0
24    3    8.94427190999916                                     0.0
25    3    58.05170109479997                                     0.0
26    3    100.72239075796404                                     0.0
27    3    58.309518948453004                                     0.0
28    3    64.38167441127949                                     0.0
29    3    28.792360097775937                                     0.0
30    3    71.58910531638176                                     0.0
31    3    65.19202405202648                                     0.0
32    3    48.0                                     0.0
2    4    59.20304046246274                                     0.0
3    4    3.1622776601683795                                     0.0
0    4    75.58438992278762                                     0.0
4    4    0.0                                     0.0
5    4    36.013886210738214                                     0.0
6    4    83.43260753446461                                     0.0
7    4    23.769728648009426                                     0.0
8    4    46.75467891024384                                     0.0
9    4    38.48376280978771                                     0.0
10    4    56.302753041036986                                     0.0
11    4    87.13208364316786                                     0.0
12    4    44.04543109109048                                     0.0
13    4    65.85590330410783                                     0.0
14    4    38.91015291668744                                     0.0
15    4    52.392747589718944                                     0.0
16    4    74.51845409024533                                     0.0
17    4    58.05170109479997                                     0.0
18    4    42.42640687119285                                     0.0
19    4    38.41874542459709                                     0.0
20    4    44.28317965096906                                     0.0
21    4    85.00588214941364                                     0.0
22    4    49.36598018878993                                     0.0
23    4    55.60575509783138                                     0.0
24    4    7.0710678118654755                                     0.0
25    4    55.31726674375732                                     0.0
26    4    97.57561170702442                                     0.0
27    4    56.302753041036986                                     0.0
28    4    61.5223536610881                                     0.0
29    4    26.92582403567252                                     0.0
30    4    68.4470598345904                                     0.0
31    4    63.245553203367585                                     0.0
32    4    49.09175083453431                                     0.0
2    5    90.87353850269065                                     0.0
3    5    37.05401462729781                                     0.0
4    5    36.013886210738214                                     0.0
0    5    97.58073580374356                                     0.0
5    5    0.0                                     0.0
6    5    83.54639429682169                                     0.0
7    5    50.53711507397311                                     0.0
8    5    77.87810988975015                                     0.0
9    5    17.029386365926403                                     0.0
10    5    33.83784863137726                                     0.0
11    5    75.66372975210778                                     0.0
12    5    8.54400374531753                                     0.0
13    5    96.17692030835673                                     0.0
14    5    73.24616030891995                                     0.0
15    5    70.76722405181653                                     0.0
16    5    59.22837157984339                                     0.0
17    5    86.95401083331349                                     0.0
18    5    78.16009211867653                                     0.0
19    5    25.709920264364882                                     0.0
20    5    80.09993757800315                                     0.0
21    5    93.62157870918435                                     0.0
22    5    85.28774824088158                                     0.0
23    5    35.90264614203248                                     0.0
24    5    29.068883707497267                                     0.0
25    5    73.0                                     0.0
26    5    90.08884503644167                                     0.0
27    5    82.41965784932621                                     0.0
28    5    76.02631123499285                                     0.0
29    5    12.806248474865697                                     0.0
30    5    63.387695966961914                                     0.0
31    5    89.40357934669059                                     0.0
32    5    85.0235261559999                                     0.0
2    6    80.7093550959243                                     0.0
3    6    86.58521813797087                                     0.0
4    6    83.43260753446461                                     0.0
5    6    83.54639429682169                                     0.0
0    6    54.57105459856901                                     0.0
6    6    0.0                                     0.0
7    6    65.7419196555744                                     0.0
8    6    74.33034373659252                                     0.0
9    6    66.70832032063167                                     0.0
10    6    56.824290580701486                                     0.0
11    6    26.92582403567252                                     0.0
12    6    82.56512580987206                                     0.0
13    6    78.29431652425353                                     0.0
14    6    84.38601779915912                                     0.0
15    6    43.86342439892262                                     0.0
16    6    36.87817782917155                                     0.0
17    6    70.178344238091                                     0.0
18    6    106.83164325236227                                     0.0
19    6    57.87054518492115                                     0.0
20    6    107.20074626605917                                     0.0
21    6    21.37755832643195                                     0.0
22    6    101.91172650877817                                     0.0
23    6    52.773099207835045                                     0.0
24    6    81.04936767180853                                     0.0
25    6    41.86884283091664                                     0.0
26    6    21.540659228538015                                     0.0
27    6    61.29437168288782                                     0.0
28    6    34.40930106817051                                     0.0
29    6    74.24284477308234                                     0.0
30    6    21.02379604162864                                     0.0
31    6    63.06346010171025                                     0.0
32    6    108.70602559196064                                     0.0
2    7    40.496913462633174                                     0.0
3    7    26.248809496813376                                     0.0
4    7    23.769728648009426                                     0.0
5    7    50.53711507397311                                     0.0
6    7    65.7419196555744                                     0.0
0    7    51.884487084291386                                     0.0
7    7    0.0                                     0.0
8    7    27.51363298439521                                     0.0
9    7    44.40720662234904                                     0.0
10    7    56.71860364994893                                     0.0
11    7    75.69015788066504                                     0.0
12    7    56.64803615307419                                     0.0
13    7    45.65084884205331                                     0.0
14    7    26.476404589747453                                     0.0
15    7    29.154759474226502                                     0.0
16    7    66.88796603276258                                     0.0
17    7    36.61966684720111                                     0.0
18    7    43.278170016764804                                     0.0
19    7    39.05124837953327                                     0.0
20    7    44.204072210600685                                     0.0
21    7    63.50590523722971                                     0.0
22    7    43.08131845707603                                     0.0
23    7    54.3415126767741                                     0.0
24    7    26.40075756488817                                     0.0
25    7    32.14031735997639                                     0.0
26    7    83.00602387778854                                     0.0
27    7    33.301651610693426                                     0.0
28    7    39.01281840626232                                     0.0
29    7    38.07886552931954                                     0.0
30    7    55.17245689653489                                     0.0
31    7    40.36087214122113                                     0.0
32    7    47.16990566028302                                     0.0
2    8    13.0                                     0.0
3    8    48.08326112068523                                     0.0
4    8    46.75467891024384                                     0.0
5    8    77.87810988975015                                     0.0
6    8    74.33034373659252                                     0.0
7    8    27.51363298439521                                     0.0
0    8    37.05401462729781                                     0.0
8    8    0.0                                     0.0
9    8    71.58910531638176                                     0.0
10    8    82.0                                     0.0
11    8    91.706052144883                                     0.0
12    8    84.15461959987698                                     0.0
13    8    19.1049731745428                                     0.0
14    8    14.0                                     0.0
15    8    30.479501308256342                                     0.0
16    8    86.97700845625813                                     0.0
17    8    12.649110640673518                                     0.0
18    8    37.656340767525464                                     0.0
19    8    65.37583651472461                                     0.0
20    8    37.107950630558946                                     0.0
21    8    63.812224534175265                                     0.0
22    8    28.653097563788805                                     0.0
23    8    79.05694150420949                                     0.0
24    8    51.61395160225576                                     0.0
25    8    32.526911934581186                                     0.0
26    8    94.81033698917012                                     0.0
27    8    16.492422502470642                                     0.0
28    8    40.36087214122113                                     0.0
29    8    65.55150646628954                                     0.0
30    8    71.11258679024411                                     0.0
31    8    21.02379604162864                                     0.0
32    8    36.76955262170047                                     0.0
2    9    84.40379138403677                                     0.0
3    9    40.70626487409524                                     0.0
4    9    38.48376280978771                                     0.0
5    9    17.029386365926403                                     0.0
6    9    66.70832032063167                                     0.0
7    9    44.40720662234904                                     0.0
8    9    71.58910531638176                                     0.0
0    9    85.60373823613078                                     0.0
9    9    0.0                                     0.0
10    9    19.209372712298546                                     0.0
11    9    59.033888572581766                                     0.0
12    9    16.64331697709324                                     0.0
13    9    88.54377448471462                                     0.0
14    9    70.00714249274856                                     0.0
15    9    58.60034129593445                                     0.0
16    9    43.01162633521314                                     0.0
17    9    78.77182237323191                                     0.0
18    9    80.0812087820857                                     0.0
19    9    9.433981132056603                                     0.0
20    9    81.74350127074322                                     0.0
21    9    77.82673062643708                                     0.0
22    9    84.5931439302264                                     0.0
23    9    20.12461179749811                                     0.0
24    9    31.76476034853718                                     0.0
25    9    60.440052945046304                                     0.0
26    9    73.17103251970687                                     0.0
27    9    72.91776189653656                                     0.0
28    9    62.24146527838174                                     0.0
29    9    12.727922061357855                                     0.0
30    9    46.389654018972806                                     0.0
31    9    79.60527620704548                                     0.0
32    9    86.12200647918046                                     0.0
2    10    94.13288479590966                                     0.0
3    10    58.82176467941097                                     0.0
4    10    56.302753041036986                                     0.0
5    10    33.83784863137726                                     0.0
6    10    56.824290580701486                                     0.0
7    10    56.71860364994893                                     0.0
8    10    82.0                                     0.0
9    10    19.209372712298546                                     0.0
0    10    88.14193099768123                                     0.0
10    10    0.0                                     0.0
11    10    43.01162633521314                                     0.0
12    10    29.154759474226502                                     0.0
13    10    96.87620966986684                                     0.0
14    10    83.18653737234169                                     0.0
15    10    62.297672508690084                                     0.0
16    10    26.019223662515376                                     0.0
17    10    86.83317338436964                                     0.0
18    10    96.38464608017192                                     0.0
19    10    18.384776310850235                                     0.0
20    10    97.86214794290998                                     0.0
21    10    72.24956747275377                                     0.0
22    10    99.20181449953424                                     0.0
23    10    4.242640687119285                                     0.0
24    10    50.0                                     0.0
25    10    63.324560795950255                                     0.0
26    10    58.42088667591412                                     0.0
27    10    79.62411694957753                                     0.0
28    10    62.64982043070834                                     0.0
29    10    31.89043743820395                                     0.0
30    10    35.84689665786984                                     0.0
31    10    85.61541917201598                                     0.0
32    10    101.84301645179212                                     0.0
2    11    100.46392387319938                                     0.0
3    11    90.21086409075129                                     0.0
4    11    87.13208364316786                                     0.0
5    11    75.66372975210778                                     0.0
6    11    26.92582403567252                                     0.0
7    11    75.69015788066504                                     0.0
8    11    91.706052144883                                     0.0
9    11    59.033888572581766                                     0.0
10    11    43.01162633521314                                     0.0
0    11    79.22752047110903                                     0.0
11    11    0.0                                     0.0
12    11    72.02777242147643                                     0.0
13    11    99.62429422585637                                     0.0
14    11    99.04544411531506                                     0.0
15    11    62.39390995922599                                     0.0
16    11    17.11724276862369                                     0.0
17    11    90.47651629014017                                     0.0
18    11    118.92854997854805                                     0.0
19    11    52.49761899362675                                     0.0
20    11    119.75391434103521                                     0.0
21    11    48.27007354458868                                     0.0
22    11    116.8289347721702                                     0.0
23    11    40.049968789001575                                     0.0
24    11    82.76472678623425                                     0.0
25    11    61.35144660071187                                     0.0
26    11    16.15549442140351                                     0.0
27    11    81.59656855530139                                     0.0
28    11    55.54277630799526                                     0.0
29    11    69.92138442565336                                     0.0
30    11    20.808652046684813                                     0.0
31    11    84.8999411071645                                     0.0
32    11    122.28654872879518                                     0.0
2    12    97.14422267947796                                     0.0
3    12    45.27692569068709                                     0.0
4    12    44.04543109109048                                     0.0
5    12    8.54400374531753                                     0.0
6    12    82.56512580987206                                     0.0
7    12    56.64803615307419                                     0.0
8    12    84.15461959987698                                     0.0
9    12    16.64331697709324                                     0.0
10    12    29.154759474226502                                     0.0
11    12    72.02777242147643                                     0.0
0    12    101.41498903022176                                     0.0
12    12    0.0                                     0.0
13    12    102.04410811016969                                     0.0
14    12    80.4114419718985                                     0.0
15    12    74.41102068914255                                     0.0
16    12    55.14526271584895                                     0.0
17    12    92.57429448826494                                     0.0
18    12    86.37129152675674                                     0.0
19    12    26.076809620810597                                     0.0
20    12    88.2779700718135                                     0.0
21    12    94.41398201537736                                     0.0
22    12    93.08598175880189                                     0.0
23    12    32.0                                     0.0
24    12    37.013511046643494                                     0.0
25    12    76.4198926981712                                     0.0
26    12    87.09190547921202                                     0.0
27    12    87.46427842267951                                     0.0
28    12    78.64477096412705                                     0.0
29    12    18.681541692269406                                     0.0
30    12    61.84658438426491                                     0.0
31    12    94.33981132056604                                     0.0
32    12    93.13431161500041                                     0.0
2    13    8.246211251235321                                     0.0
3    13    67.17886572427373                                     0.0
4    13    65.85590330410783                                     0.0
5    13    96.17692030835673                                     0.0
6    13    78.29431652425353                                     0.0
7    13    45.65084884205331                                     0.0
8    13    19.1049731745428                                     0.0
9    13    88.54377448471462                                     0.0
10    13    96.87620966986684                                     0.0
11    13    99.62429422585637                                     0.0
12    13    102.04410811016969                                     0.0
0    13    28.844410203711913                                     0.0
13    13    0.0                                     0.0
14    13    30.4138126514911                                     0.0
15    13    37.656340767525464                                     0.0
16    13    97.86725703727473                                     0.0
17    13    10.04987562112089                                     0.0
18    13    50.48762224545735                                     0.0
19    13    81.49233092751734                                     0.0
20    13    49.25444142409901                                     0.0
21    13    63.12685640834652                                     0.0
22    13    38.0                                     0.0
23    13    93.53608929178085                                     0.0
24    13    70.60453243241541                                     0.0
25    13    38.3275357934736                                     0.0
26    13    99.72963451251589                                     0.0
27    13    18.24828759089466                                     0.0
28    13    44.384682042344295                                     0.0
29    13    83.6301381082203                                     0.0
30    13    80.049984384758                                     0.0
31    13    15.264337522473747                                     0.0
32    13    47.0                                     0.0
2    14    22.47220505424423                                     0.0
3    14    39.44616584663204                                     0.0
4    14    38.91015291668744                                     0.0
5    14    73.24616030891995                                     0.0
6    14    84.38601779915912                                     0.0
7    14    26.476404589747453                                     0.0
8    14    14.0                                     0.0
9    14    70.00714249274856                                     0.0
10    14    83.18653737234169                                     0.0
11    14    99.04544411531506                                     0.0
12    14    80.4114419718985                                     0.0
13    14    30.4138126514911                                     0.0
0    14    51.03920062069938                                     0.0
14    14    0.0                                     0.0
15    14    41.048751503547585                                     0.0
16    14    92.13576938409967                                     0.0
17    14    26.30589287593181                                     0.0
18    14    24.041630560342615                                     0.0
19    14    65.37583651472461                                     0.0
20    14    23.769728648009426                                     0.0
21    14    76.02631123499285                                     0.0
22    14    17.804493814764857                                     0.0
23    14    80.8084154033477                                     0.0
24    14    44.94441010848846                                     0.0
25    14    43.56604182158393                                     0.0
26    14    103.96634070698074                                     0.0
27    14    30.265491900843113                                     0.0
28    14    51.62363799656123                                     0.0
29    14    61.814237842102365                                     0.0
30    14    78.2368199762746                                     0.0
31    14    35.014282800023196                                     0.0
32    14    24.413111231467404                                     0.0
2    15    38.07886552931954                                     0.0
3    15    55.10898293381942                                     0.0
4    15    52.392747589718944                                     0.0
5    15    70.76722405181653                                     0.0
6    15    43.86342439892262                                     0.0
7    15    29.154759474226502                                     0.0
8    15    30.479501308256342                                     0.0
9    15    58.60034129593445                                     0.0
10    15    62.297672508690084                                     0.0
11    15    62.39390995922599                                     0.0
12    15    74.41102068914255                                     0.0
13    15    37.656340767525464                                     0.0
14    15    41.048751503547585                                     0.0
0    15    27.018512172212592                                     0.0
15    15    0.0                                     0.0
16    15    60.29925372672534                                     0.0
17    15    28.160255680657446                                     0.0
18    15    64.41273166075166                                     0.0
19    15    49.92995093127971                                     0.0
20    15    64.4980619863884                                     0.0
21    15    35.73513677041127                                     0.0
22    15    58.25804665451803                                     0.0
23    15    58.52349955359813                                     0.0
24    15    53.48831648126533                                     0.0
25    15    3.0                                     0.0
26    15    64.40496875241847                                     0.0
27    15    19.4164878389476                                     0.0
28    15    10.770329614269007                                     0.0
29    15    58.137767414994535                                     0.0
30    15    42.44997055358225                                     0.0
31    15    24.020824298928627                                     0.0
32    15    65.45991139621256                                     0.0
2    16    97.29337079164233                                     0.0
3    16    77.46612162745726                                     0.0
4    16    74.51845409024533                                     0.0
5    16    59.22837157984339                                     0.0
6    16    36.87817782917155                                     0.0
7    16    66.88796603276258                                     0.0
8    16    86.97700845625813                                     0.0
9    16    43.01162633521314                                     0.0
10    16    26.019223662515376                                     0.0
11    16    17.11724276862369                                     0.0
12    16    55.14526271584895                                     0.0
13    16    97.86725703727473                                     0.0
14    16    92.13576938409967                                     0.0
15    16    60.29925372672534                                     0.0
0    16    81.74350127074322                                     0.0
16    16    0.0                                     0.0
17    16    88.11923740024082                                     0.0
18    16    109.85900054160332                                     0.0
19    16    37.589892258425                                     0.0
20    16    110.9414259868693                                     0.0
21    16    56.43580423808985                                     0.0
22    16    109.59014554237986                                     0.0
23    16    23.345235059857504                                     0.0
24    16    69.40461079784254                                     0.0
25    16    60.07495318350236                                     0.0
26    16    32.984845004941285                                     0.0
27    16    79.63039620647382                                     0.0
28    16    56.142675390472796                                     0.0
29    16    54.62600113499065                                     0.0
30    16    19.6468827043885                                     0.0
31    16    84.1486779456457                                     0.0
32    16    114.0570032922135                                     0.0
2    17    10.63014581273465                                     0.0
3    17    59.665735560705194                                     0.0
4    17    58.05170109479997                                     0.0
5    17    86.95401083331349                                     0.0
6    17    70.178344238091                                     0.0
7    17    36.61966684720111                                     0.0
8    17    12.649110640673518                                     0.0
9    17    78.77182237323191                                     0.0
10    17    86.83317338436964                                     0.0
11    17    90.47651629014017                                     0.0
12    17    92.57429448826494                                     0.0
13    17    10.04987562112089                                     0.0
14    17    26.30589287593181                                     0.0
15    17    28.160255680657446                                     0.0
16    17    88.11923740024082                                     0.0
0    17    25.709920264364882                                     0.0
17    17    0.0                                     0.0
18    17    49.09175083453431                                     0.0
19    17    71.56814934033156                                     0.0
20    17    48.25971404805462                                     0.0
21    17    56.639209034025185                                     0.0
22    17    38.3275357934736                                     0.0
23    17    83.48652585896721                                     0.0
24    17    62.289646009589745                                     0.0
25    17    29.154759474226502                                     0.0
26    17    91.4166286842826                                     0.0
27    17    8.94427190999916                                     0.0
28    17    35.84689665786984                                     0.0
29    17    74.30343195303969                                     0.0
30    17    70.60453243241541                                     0.0
31    17    9.486832980505138                                     0.0
32    17    47.07440918375928                                     0.0
2    18    42.2965719651132                                     0.0
3    18    41.10960958218893                                     0.0
4    18    42.42640687119285                                     0.0
5    18    78.16009211867653                                     0.0
6    18    106.83164325236227                                     0.0
7    18    43.278170016764804                                     0.0
8    18    37.656340767525464                                     0.0
9    18    80.0812087820857                                     0.0
10    18    96.38464608017192                                     0.0
11    18    118.92854997854805                                     0.0
12    18    86.37129152675674                                     0.0
13    18    50.48762224545735                                     0.0
14    18    24.041630560342615                                     0.0
15    18    64.41273166075166                                     0.0
16    18    109.85900054160332                                     0.0
17    18    49.09175083453431                                     0.0
0    18    74.54528824815154                                     0.0
18    18    0.0                                     0.0
19    18    78.0                                     0.0
20    18    2.23606797749979                                     0.0
21    18    99.80981915623332                                     0.0
22    18    13.892443989449804                                     0.0
23    18    94.847245611035                                     0.0
24    18    49.49747468305833                                     0.0
25    18    67.08203932499369                                     0.0
26    18    125.49501982150527                                     0.0
27    18    54.12947441089743                                     0.0
28    18    75.13321502504735                                     0.0
29    18    69.2314957226839                                     0.0
30    18    98.3107318658548                                     0.0
31    18    58.309518948453004                                     0.0
32    18    7.615773105863909                                     0.0
2    19    77.92945527847606                                     0.0
3    19    41.10960958218893                                     0.0
4    19    38.41874542459709                                     0.0
5    19    25.709920264364882                                     0.0
6    19    57.87054518492115                                     0.0
7    19    39.05124837953327                                     0.0
8    19    65.37583651472461                                     0.0
9    19    9.433981132056603                                     0.0
10    19    18.384776310850235                                     0.0
11    19    52.49761899362675                                     0.0
12    19    26.076809620810597                                     0.0
13    19    81.49233092751734                                     0.0
14    19    65.37583651472461                                     0.0
15    19    49.92995093127971                                     0.0
16    19    37.589892258425                                     0.0
17    19    71.56814934033156                                     0.0
18    19    78.0                                     0.0
0    19    76.84399781375251                                     0.0
19    19    0.0                                     0.0
20    19    79.47955712005447                                     0.0
21    19    68.42514157822401                                     0.0
22    19    81.02468759581859                                     0.0
23    19    17.204650534085253                                     0.0
24    19    32.526911934581186                                     0.0
25    19    51.61395160225576                                     0.0
26    19    65.76473218982953                                     0.0
27    19    65.19202405202648                                     0.0
28    19    53.03772242470448                                     0.0
29    19    17.46424919657298                                     0.0
30    19    38.01315561749642                                     0.0
31    19    71.69379331573968                                     0.0
32    19    83.48652585896721                                     0.0
2    20    41.10960958218893                                     0.0
3    20    43.04648650006177                                     0.0
4    20    44.28317965096906                                     0.0
5    20    80.09993757800315                                     0.0
6    20    107.20074626605917                                     0.0
7    20    44.204072210600685                                     0.0
8    20    37.107950630558946                                     0.0
9    20    81.74350127074322                                     0.0
10    20    97.86214794290998                                     0.0
11    20    119.75391434103521                                     0.0
12    20    88.2779700718135                                     0.0
13    20    49.25444142409901                                     0.0
14    20    23.769728648009426                                     0.0
15    20    64.4980619863884                                     0.0
16    20    110.9414259868693                                     0.0
17    20    48.25971404805462                                     0.0
18    20    2.23606797749979                                     0.0
19    20    79.47955712005447                                     0.0
0    20    73.824115301167                                     0.0
20    20    0.0                                     0.0
21    20    99.74467404327912                                     0.0
22    20    12.083045973594572                                     0.0
23    20    96.25487000666512                                     0.0
24    20    51.35172830587107                                     0.0
25    20    67.11929677819934                                     0.0
26    20    126.0634760745554                                     0.0
27    20    53.600373133029585                                     0.0
28    20    75.17978451685                                     0.0
29    20    71.02112361825881                                     0.0
30    20    99.08582138732059                                     0.0
31    20    57.55866572463264                                     0.0
32    20    5.385164807134504                                     0.0
2    21    67.20863039818622                                     0.0
3    21    88.0                                     0.0
4    21    85.00588214941364                                     0.0
5    21    93.62157870918435                                     0.0
6    21    21.37755832643195                                     0.0
7    21    63.50590523722971                                     0.0
8    21    63.812224534175265                                     0.0
9    21    77.82673062643708                                     0.0
10    21    72.24956747275377                                     0.0
11    21    48.27007354458868                                     0.0
12    21    94.41398201537736                                     0.0
13    21    63.12685640834652                                     0.0
14    21    76.02631123499285                                     0.0
15    21    35.73513677041127                                     0.0
16    21    56.43580423808985                                     0.0
17    21    56.639209034025185                                     0.0
18    21    99.80981915623332                                     0.0
19    21    68.42514157822401                                     0.0
20    21    99.74467404327912                                     0.0
0    21    36.235341863986875                                     0.0
21    21    0.0                                     0.0
22    21    92.43916918709297                                     0.0
23    21    68.01470429252781                                     0.0
24    21    84.38009243891595                                     0.0
25    21    32.89376840679705                                     0.0
26    21    41.19465984809196                                     0.0
27    21    48.41487374764082                                     0.0
28    21    25.0                                     0.0
29    21    82.54089895318563                                     0.0
30    21    37.8021163428716                                     0.0
31    21    48.104053883222775                                     0.0
32    21    100.23971268913334                                     0.0
2    22    30.066592756745816                                     0.0
3    22    48.83646178829912                                     0.0
4    22    49.36598018878993                                     0.0
5    22    85.28774824088158                                     0.0
6    22    101.91172650877817                                     0.0
7    22    43.08131845707603                                     0.0
8    22    28.653097563788805                                     0.0
9    22    84.5931439302264                                     0.0
10    22    99.20181449953424                                     0.0
11    22    116.8289347721702                                     0.0
12    22    93.08598175880189                                     0.0
13    22    38.0                                     0.0
14    22    17.804493814764857                                     0.0
15    22    58.25804665451803                                     0.0
16    22    109.59014554237986                                     0.0
17    22    38.3275357934736                                     0.0
18    22    13.892443989449804                                     0.0
19    22    81.02468759581859                                     0.0
20    22    12.083045973594572                                     0.0
21    22    92.43916918709297                                     0.0
0    22    64.03124237432849                                     0.0
22    22    0.0                                     0.0
23    22    97.12363255150623                                     0.0
24    22    56.22277118748239                                     0.0
25    22    60.60528029800704                                     0.0
26    22    121.69634341261039                                     0.0
27    22    44.77722635447622                                     0.0
28    22    68.60029154456998                                     0.0
29    22    75.0066663703967                                     0.0
30    22    96.02083107326243                                     0.0
31    22    47.80167361086848                                     0.0
32    22    9.0                                     0.0
2    23    91.02197536858887                                     0.0
3    23    58.25804665451803                                     0.0
4    23    55.60575509783138                                     0.0
5    23    35.90264614203248                                     0.0
6    23    52.773099207835045                                     0.0
7    23    54.3415126767741                                     0.0
8    23    79.05694150420949                                     0.0
9    23    20.12461179749811                                     0.0
10    23    4.242640687119285                                     0.0
11    23    40.049968789001575                                     0.0
12    23    32.0                                     0.0
13    23    93.53608929178085                                     0.0
14    23    80.8084154033477                                     0.0
15    23    58.52349955359813                                     0.0
16    23    23.345235059857504                                     0.0
17    23    83.48652585896721                                     0.0
18    23    94.847245611035                                     0.0
19    23    17.204650534085253                                     0.0
20    23    96.25487000666512                                     0.0
21    23    68.01470429252781                                     0.0
22    23    97.12363255150623                                     0.0
0    23    84.17244204607586                                     0.0
23    23    0.0                                     0.0
24    23    49.57822102496216                                     0.0
25    23    59.464274989274024                                     0.0
26    23    55.14526271584895                                     0.0
27    23    76.11832893594026                                     0.0
28    23    58.59180830116101                                     0.0
29    23    32.449961479175904                                     0.0
30    23    31.76476034853718                                     0.0
31    23    82.0                                     0.0
32    23    100.08995953640904                                     0.0
2    24    64.35060217278468                                     0.0
3    24    8.94427190999916                                     0.0
4    24    7.0710678118654755                                     0.0
5    24    29.068883707497267                                     0.0
6    24    81.04936767180853                                     0.0
7    24    26.40075756488817                                     0.0
8    24    51.61395160225576                                     0.0
9    24    31.76476034853718                                     0.0
10    24    50.0                                     0.0
11    24    82.76472678623425                                     0.0
12    24    37.013511046643494                                     0.0
13    24    70.60453243241541                                     0.0
14    24    44.94441010848846                                     0.0
15    24    53.48831648126533                                     0.0
16    24    69.40461079784254                                     0.0
17    24    62.289646009589745                                     0.0
18    24    49.49747468305833                                     0.0
19    24    32.526911934581186                                     0.0
20    24    51.35172830587107                                     0.0
21    24    84.38009243891595                                     0.0
22    24    56.22277118748239                                     0.0
23    24    49.57822102496216                                     0.0
0    24    78.03204469959762                                     0.0
24    24    0.0                                     0.0
25    24    56.302753041036986                                     0.0
26    24    93.98404119849285                                     0.0
27    24    59.665735560705194                                     0.0
28    24    61.84658438426491                                     0.0
29    24    19.924858845171276                                     0.0
30    24    64.8459713474939                                     0.0
31    24    66.70832032063167                                     0.0
32    24    56.142675390472796                                     0.0
2    25    39.35733730830886                                     0.0
3    25    58.05170109479997                                     0.0
4    25    55.31726674375732                                     0.0
5    25    73.0                                     0.0
6    25    41.86884283091664                                     0.0
7    25    32.14031735997639                                     0.0
8    25    32.526911934581186                                     0.0
9    25    60.440052945046304                                     0.0
10    25    63.324560795950255                                     0.0
11    25    61.35144660071187                                     0.0
12    25    76.4198926981712                                     0.0
13    25    38.3275357934736                                     0.0
14    25    43.56604182158393                                     0.0
15    25    3.0                                     0.0
16    25    60.07495318350236                                     0.0
17    25    29.154759474226502                                     0.0
18    25    67.08203932499369                                     0.0
19    25    51.61395160225576                                     0.0
20    25    67.11929677819934                                     0.0
21    25    32.89376840679705                                     0.0
22    25    60.60528029800704                                     0.0
23    25    59.464274989274024                                     0.0
24    25    56.302753041036986                                     0.0
0    25    25.238858928247925                                     0.0
25    25    0.0                                     0.0
26    25    62.68173577685928                                     0.0
27    25    20.248456731316587                                     0.0
28    25    8.06225774829855                                     0.0
29    25    60.440052945046304                                     0.0
30    25    41.773197148410844                                     0.0
31    25    24.08318915758459                                     0.0
32    25    67.95586803212802                                     0.0
2    26    101.87246929372037                                     0.0
3    26    100.72239075796404                                     0.0
4    26    97.57561170702442                                     0.0
5    26    90.08884503644167                                     0.0
6    26    21.540659228538015                                     0.0
7    26    83.00602387778854                                     0.0
8    26    94.81033698917012                                     0.0
9    26    73.17103251970687                                     0.0
10    26    58.42088667591412                                     0.0
11    26    16.15549442140351                                     0.0
12    26    87.09190547921202                                     0.0
13    26    99.72963451251589                                     0.0
14    26    103.96634070698074                                     0.0
15    26    64.40496875241847                                     0.0
16    26    32.984845004941285                                     0.0
17    26    91.4166286842826                                     0.0
18    26    125.49501982150527                                     0.0
19    26    65.76473218982953                                     0.0
20    26    126.0634760745554                                     0.0
21    26    41.19465984809196                                     0.0
22    26    121.69634341261039                                     0.0
23    26    55.14526271584895                                     0.0
24    26    93.98404119849285                                     0.0
25    26    62.68173577685928                                     0.0
0    26    75.96051605933177                                     0.0
26    26    0.0                                     0.0
27    26    82.49242389456137                                     0.0
28    26    55.569775957799216                                     0.0
29    26    83.18653737234169                                     0.0
30    26    29.154759474226502                                     0.0
31    26    84.52810183601665                                     0.0
32    26    128.00390619039717                                     0.0
2    27    19.4164878389476                                     0.0
3    27    58.309518948453004                                     0.0
4    27    56.302753041036986                                     0.0
5    27    82.41965784932621                                     0.0
6    27    61.29437168288782                                     0.0
7    27    33.301651610693426                                     0.0
8    27    16.492422502470642                                     0.0
9    27    72.91776189653656                                     0.0
10    27    79.62411694957753                                     0.0
11    27    81.59656855530139                                     0.0
12    27    87.46427842267951                                     0.0
13    27    18.24828759089466                                     0.0
14    27    30.265491900843113                                     0.0
15    27    19.4164878389476                                     0.0
16    27    79.63039620647382                                     0.0
17    27    8.94427190999916                                     0.0
18    27    54.12947441089743                                     0.0
19    27    65.19202405202648                                     0.0
20    27    53.600373133029585                                     0.0
21    27    48.41487374764082                                     0.0
22    27    44.77722635447622                                     0.0
23    27    76.11832893594026                                     0.0
24    27    59.665735560705194                                     0.0
25    27    20.248456731316587                                     0.0
26    27    82.49242389456137                                     0.0
0    27    21.095023109728988                                     0.0
27    27    0.0                                     0.0
28    27    26.92582403567252                                     0.0
29    27    69.63476143421474                                     0.0
30    27    61.84658438426491                                     0.0
31    27    7.0710678118654755                                     0.0
32    27    53.14132102234569                                     0.0
2    28    46.32493928760188                                     0.0
3    28    64.38167441127949                                     0.0
4    28    61.5223536610881                                     0.0
5    28    76.02631123499285                                     0.0
6    28    34.40930106817051                                     0.0
7    28    39.01281840626232                                     0.0
8    28    40.36087214122113                                     0.0
9    28    62.24146527838174                                     0.0
10    28    62.64982043070834                                     0.0
11    28    55.54277630799526                                     0.0
12    28    78.64477096412705                                     0.0
13    28    44.384682042344295                                     0.0
14    28    51.62363799656123                                     0.0
15    28    10.770329614269007                                     0.0
16    28    56.142675390472796                                     0.0
17    28    35.84689665786984                                     0.0
18    28    75.13321502504735                                     0.0
19    28    53.03772242470448                                     0.0
20    28    75.17978451685                                     0.0
21    28    25.0                                     0.0
22    28    68.60029154456998                                     0.0
23    28    58.59180830116101                                     0.0
24    28    61.84658438426491                                     0.0
25    28    8.06225774829855                                     0.0
26    28    55.569775957799216                                     0.0
27    28    26.92582403567252                                     0.0
0    28    25.96150997149434                                     0.0
28    28    0.0                                     0.0
29    28    63.812224534175265                                     0.0
30    28    37.013511046643494                                     0.0
31    28    29.410882339705484                                     0.0
32    28    76.00657866263946                                     0.0
2    29    78.54934754662193                                     0.0
3    29    28.792360097775937                                     0.0
4    29    26.92582403567252                                     0.0
5    29    12.806248474865697                                     0.0
6    29    74.24284477308234                                     0.0
7    29    38.07886552931954                                     0.0
8    29    65.55150646628954                                     0.0
9    29    12.727922061357855                                     0.0
10    29    31.89043743820395                                     0.0
11    29    69.92138442565336                                     0.0
12    29    18.681541692269406                                     0.0
13    29    83.6301381082203                                     0.0
14    29    61.814237842102365                                     0.0
15    29    58.137767414994535                                     0.0
16    29    54.62600113499065                                     0.0
17    29    74.30343195303969                                     0.0
18    29    69.2314957226839                                     0.0
19    29    17.46424919657298                                     0.0
20    29    71.02112361825881                                     0.0
21    29    82.54089895318563                                     0.0
22    29    75.0066663703967                                     0.0
23    29    32.449961479175904                                     0.0
24    29    19.924858845171276                                     0.0
25    29    60.440052945046304                                     0.0
26    29    83.18653737234169                                     0.0
27    29    69.63476143421474                                     0.0
28    29    63.812224534175265                                     0.0
0    29    84.86459803710851                                     0.0
29    29    0.0                                     0.0
30    29    55.08175741568164                                     0.0
31    29    76.60939890117922                                     0.0
32    29    75.66372975210778                                     0.0
2    30    80.32434251209281                                     0.0
3    30    71.58910531638176                                     0.0
4    30    68.4470598345904                                     0.0
5    30    63.387695966961914                                     0.0
6    30    21.02379604162864                                     0.0
7    30    55.17245689653489                                     0.0
8    30    71.11258679024411                                     0.0
9    30    46.389654018972806                                     0.0
10    30    35.84689665786984                                     0.0
11    30    20.808652046684813                                     0.0
12    30    61.84658438426491                                     0.0
13    30    80.049984384758                                     0.0
14    30    78.2368199762746                                     0.0
15    30    42.44997055358225                                     0.0
16    30    19.6468827043885                                     0.0
17    30    70.60453243241541                                     0.0
18    30    98.3107318658548                                     0.0
19    30    38.01315561749642                                     0.0
20    30    99.08582138732059                                     0.0
21    30    37.8021163428716                                     0.0
22    30    96.02083107326243                                     0.0
23    30    31.76476034853718                                     0.0
24    30    64.8459713474939                                     0.0
25    30    41.773197148410844                                     0.0
26    30    29.154759474226502                                     0.0
27    30    61.84658438426491                                     0.0
28    30    37.013511046643494                                     0.0
29    30    55.08175741568164                                     0.0
0    30    62.289646009589745                                     0.0
30    30    0.0                                     0.0
31    30    65.76473218982953                                     0.0
32    30    101.53324578678651                                     0.0
2    31    19.4164878389476                                     0.0
3    31    65.19202405202648                                     0.0
4    31    63.245553203367585                                     0.0
5    31    89.40357934669059                                     0.0
6    31    63.06346010171025                                     0.0
7    31    40.36087214122113                                     0.0
8    31    21.02379604162864                                     0.0
9    31    79.60527620704548                                     0.0
10    31    85.61541917201598                                     0.0
11    31    84.8999411071645                                     0.0
12    31    94.33981132056604                                     0.0
13    31    15.264337522473747                                     0.0
14    31    35.014282800023196                                     0.0
15    31    24.020824298928627                                     0.0
16    31    84.1486779456457                                     0.0
17    31    9.486832980505138                                     0.0
18    31    58.309518948453004                                     0.0
19    31    71.69379331573968                                     0.0
20    31    57.55866572463264                                     0.0
21    31    48.104053883222775                                     0.0
22    31    47.80167361086848                                     0.0
23    31    82.0                                     0.0
24    31    66.70832032063167                                     0.0
25    31    24.08318915758459                                     0.0
26    31    84.52810183601665                                     0.0
27    31    7.0710678118654755                                     0.0
28    31    29.410882339705484                                     0.0
29    31    76.60939890117922                                     0.0
30    31    65.76473218982953                                     0.0
0    31    16.278820596099706                                     0.0
31    31    0.0                                     0.0
32    31    56.515484603779164                                     0.0
2    32    39.05124837953327                                     0.0
3    32    48.0                                     0.0
4    32    49.09175083453431                                     0.0
5    32    85.0235261559999                                     0.0
6    32    108.70602559196064                                     0.0
7    32    47.16990566028302                                     0.0
8    32    36.76955262170047                                     0.0
9    32    86.12200647918046                                     0.0
10    32    101.84301645179212                                     0.0
11    32    122.28654872879518                                     0.0
12    32    93.13431161500041                                     0.0
13    32    47.0                                     0.0
14    32    24.413111231467404                                     0.0
15    32    65.45991139621256                                     0.0
16    32    114.0570032922135                                     0.0
17    32    47.07440918375928                                     0.0
18    32    7.615773105863909                                     0.0
19    32    83.48652585896721                                     0.0
20    32    5.385164807134504                                     0.0
21    32    100.23971268913334                                     0.0
22    32    9.0                                     0.0
23    32    100.08995953640904                                     0.0
24    32    56.142675390472796                                     0.0
25    32    67.95586803212802                                     0.0
26    32    128.00390619039717                                     0.0
27    32    53.14132102234569                                     0.0
28    32    76.00657866263946                                     0.0
29    32    75.66372975210778                                     0.0
30    32    101.53324578678651                                     0.0
31    32    56.515484603779164                                     0.0
0    32    72.78049189171504                                     0.0
32    32    0.0                                     0.0
