0    2    57.21887800367987                                     0.0
2    2    0.0                                     0.0
3    2    41.400483088968905                                     0.0
4    2    5.656854249492381                                     0.0
5    2    42.941821107167776                                     0.0
6    2    18.867962264113206                                     0.0
7    2    33.06055050963308                                     0.0
8    2    58.872744118140105                                     0.0
9    2    14.866068747318506                                     0.0
10    2    29.732137494637012                                     0.0
11    2    60.41522986797286                                     0.0
12    2    69.87131027825369                                     0.0
13    2    77.10382610480494                                     0.0
14    2    52.49761899362675                                     0.0
15    2    46.52956049652737                                     0.0
16    2    75.15317691222374                                     0.0
17    2    61.68468205316454                                     0.0
18    2    33.301651610693426                                     0.0
19    2    40.718546143004666                                     0.0
20    2    27.80287754891569                                     0.0
21    2    18.0                                     0.0
22    2    37.8549864614954                                     0.0
23    2    66.75327707311455                                     0.0
24    2    70.77428911688199                                     0.0
25    2    65.92419889539804                                     0.0
26    2    76.38062581571324                                     0.0
27    2    43.68065933568311                                     0.0
28    2    92.9569792968769                                     0.0
29    2    48.82622246293481                                     0.0
30    2    67.7421582177598                                     0.0
31    2    70.77428911688199                                     0.0
32    2    27.65863337187866                                     0.0
33    2    81.88406438373708                                     0.0
34    2    23.021728866442675                                     0.0
35    2    30.4138126514911                                     0.0
36    2    78.5175139698144                                     0.0
37    2    57.0087712549569                                     0.0
2    0    57.21887800367987                                     0.0
3    0    86.64871608973787                                     0.0
4    0    61.66036003787198                                     0.0
5    0    24.20743687382041                                     0.0
6    0    74.52516353554684                                     0.0
7    0    25.0                                     0.0
8    0    16.1245154965971                                     0.0
9    0    55.362442142665635                                     0.0
10    0    70.83784299369935                                     0.0
11    0    69.65629906907199                                     0.0
12    0    78.81624198095213                                     0.0
13    0    94.36630754670864                                     0.0
14    0    41.88078318274385                                     0.0
15    0    11.180339887498949                                     0.0
16    0    67.77905281132217                                     0.0
17    0    16.0312195418814                                     0.0
18    0    36.235341863986875                                     0.0
19    0    23.323807579381203                                     0.0
20    0    43.46262762420146                                     0.0
21    0    39.319206502675                                     0.0
22    0    72.44998274671983                                     0.0
23    0    90.60905032059435                                     0.0
24    0    104.04326023342406                                     0.0
25    0    10.0                                     0.0
26    0    50.15974481593781                                     0.0
27    0    58.25804665451803                                     0.0
28    0    56.753854494650845                                     0.0
29    0    91.92388155425118                                     0.0
30    0    18.027756377319946                                     0.0
31    0    66.64082832618455                                     0.0
32    0    42.15447781671598                                     0.0
33    0    69.3757882838098                                     0.0
34    0    71.386273190299                                     0.0
35    0    38.48376280978771                                     0.0
36    0    52.08646657242167                                     0.0
37    0    20.09975124224178                                     0.0
2    3    41.400483088968905                                     0.0
0    3    86.64871608973787                                     0.0
3    3    0.0                                     0.0
4    3    42.5440947723653                                     0.0
5    3    64.32728814430156                                     0.0
6    3    43.93176527297759                                     0.0
7    3    67.7421582177598                                     0.0
8    3    80.89499366462674                                     0.0
9    3    55.758407437802596                                     0.0
10    3    15.811388300841896                                     0.0
11    3    46.04345773288535                                     0.0
12    3    50.91168824543142                                     0.0
13    3    48.75448697299562                                     0.0
14    3    59.413803110051795                                     0.0
15    3    75.61084578286372                                     0.0
16    3    66.88796603276258                                     0.0
17    3    83.86298349093002                                     0.0
18    3    51.19570294468082                                     0.0
19    3    64.03124237432849                                     0.0
20    3    43.41658669218482                                     0.0
21    3    54.20332093147061                                     0.0
22    3    17.46424919657298                                     0.0
23    3    36.24913792078372                                     0.0
24    3    32.14031735997639                                     0.0
25    3    92.64987857520376                                     0.0
26    3    81.04319835741924                                     0.0
27    3    38.07886552931954                                     0.0
28    3    99.72462083156798                                     0.0
29    3    7.615773105863909                                     0.0
30    3    101.55294185792945                                     0.0
31    3    61.91122676865643                                     0.0
32    3    44.64302857109943                                     0.0
33    3    74.94664769020693                                     0.0
34    3    18.439088914585774                                     0.0
35    3    48.507731342539614                                     0.0
36    3    82.56512580987206                                     0.0
37    3    93.29523031752481                                     0.0
2    4    5.656854249492381                                     0.0
3    4    42.5440947723653                                     0.0
0    4    61.66036003787198                                     0.0
4    4    0.0                                     0.0
5    4    48.373546489791295                                     0.0
6    4    13.416407864998739                                     0.0
7    4    37.05401462729781                                     0.0
8    4    64.07807737440318                                     0.0
9    4    13.45362404707371                                     0.0
10    4    32.55764119219941                                     0.0
11    4    65.25335240430181                                     0.0
12    4    74.52516353554684                                     0.0
13    4    81.0                                     0.0
14    4    58.137767414994535                                     0.0
15    4    51.19570294468082                                     0.0
16    4    80.49844718999243                                     0.0
17    4    66.85057965343307                                     0.0
18    4    38.948684188300895                                     0.0
19    4    46.06517122512408                                     0.0
20    4    33.421549934136806                                     0.0
21    4    22.360679774997898                                     0.0
22    4    41.19465984809196                                     0.0
23    4    70.25667228100119                                     0.0
24    4    73.05477397131553                                     0.0
25    4    70.61161377563892                                     0.0
26    4    82.03657720797473                                     0.0
27    4    48.703182647543684                                     0.0
28    4    98.59513172565875                                     0.0
29    4    50.11985634456667                                     0.0
30    4    71.25307010929424                                     0.0
31    4    76.05918747922567                                     0.0
32    4    33.301651610693426                                     0.0
33    4    87.32124598286491                                     0.0
34    4    24.698178070456937                                     0.0
35    4    36.069377593742864                                     0.0
36    4    84.17244204607586                                     0.0
37    4    60.01666435249463                                     0.0
2    5    42.941821107167776                                     0.0
3    5    64.32728814430156                                     0.0
4    5    48.373546489791295                                     0.0
0    5    24.20743687382041                                     0.0
5    5    0.0                                     0.0
6    5    61.773780845922005                                     0.0
7    5    22.561028345356956                                     0.0
8    5    17.029386365926403                                     0.0
9    5    47.38143096192854                                     0.0
10    5    48.662100242385755                                     0.0
11    5    46.32493928760188                                     0.0
12    5    55.94640292279746                                     0.0
13    5    70.80254232723568                                     0.0
14    5    20.396078054371138                                     0.0
15    5    15.264337522473747                                     0.0
16    5    48.373546489791295                                     0.0
17    5    20.024984394500787                                     0.0
18    5    13.152946437965905                                     0.0
19    5    3.1622776601683795                                     0.0
20    5    21.095023109728988                                     0.0
21    5    28.284271247461902                                     0.0
22    5    49.040799340956916                                     0.0
23    5    66.48308055437865                                     0.0
24    5    79.88116173416608                                     0.0
25    5    28.460498941515414                                     0.0
26    5    38.07886552931954                                     0.0
27    5    34.058772731852805                                     0.0
28    5    51.85556864985669                                     0.0
29    5    68.96375859826666                                     0.0
30    5    41.72529209005013                                     0.0
31    5    46.09772228646444                                     0.0
32    5    20.024984394500787                                     0.0
33    5    52.009614495783374                                     0.0
34    5    51.0098029794274                                     0.0
35    5    16.0312195418814                                     0.0
36    5    40.311288741492746                                     0.0
37    5    38.91015291668744                                     0.0
2    6    18.867962264113206                                     0.0
3    6    43.93176527297759                                     0.0
4    6    13.416407864998739                                     0.0
5    6    61.773780845922005                                     0.0
0    6    74.52516353554684                                     0.0
6    6    0.0                                     0.0
7    6    49.64876634922564                                     0.0
8    6    77.47257579298626                                     0.0
9    6    21.37755832643195                                     0.0
10    6    38.47076812334269                                     0.0
11    6    74.84650960465692                                     0.0
12    6    83.48652585896721                                     0.0
13    6    87.82368700982668                                     0.0
14    6    70.71067811865476                                     0.0
15    6    64.28841264178172                                     0.0
16    6    91.58602513484249                                     0.0
17    6    80.23091673413684                                     0.0
18    6    52.009614495783374                                     0.0
19    6    59.481089431852205                                     0.0
20    6    45.967379738244816                                     0.0
21    6    35.4400902933387                                     0.0
22    6    47.67598976424087                                     0.0
23    6    76.23647421018367                                     0.0
24    6    75.95393340703298                                     0.0
25    6    83.67795408588812                                     0.0
26    6    94.79451460923254                                     0.0
27    6    59.0592922409336                                     0.0
28    6    111.66467659918243                                     0.0
29    6    51.419840528729765                                     0.0
30    6    83.0                                     0.0
31    6    86.95401083331349                                     0.0
32    6    46.010868281309364                                     0.0
33    6    98.73702446397704                                     0.0
34    6    29.154759474226502                                     0.0
35    6    49.040799340956916                                     0.0
36    6    96.89685237405806                                     0.0
37    6    71.17583859709698                                     0.0
2    7    33.06055050963308                                     0.0
3    7    67.7421582177598                                     0.0
4    7    37.05401462729781                                     0.0
5    7    22.561028345356956                                     0.0
6    7    49.64876634922564                                     0.0
0    7    25.0                                     0.0
7    7    0.0                                     0.0
8    7    31.827660925679098                                     0.0
9    7    30.463092423455635                                     0.0
10    7    52.43090691567332                                     0.0
11    7    64.19501538281614                                     0.0
12    7    74.33034373659252                                     0.0
13    7    87.23531395025755                                     0.0
14    7    42.01190307520001                                     0.0
15    7    15.811388300841896                                     0.0
16    7    70.00714249274856                                     0.0
17    7    33.97057550292606                                     0.0
18    7    25.298221281347036                                     0.0
19    7    19.4164878389476                                     0.0
20    7    28.844410203711913                                     0.0
21    7    15.132745950421556                                     0.0
22    7    56.586217403180434                                     0.0
23    7    80.45495634204272                                     0.0
24    7    90.60905032059435                                     0.0
25    7    34.539832078341085                                     0.0
26    7    60.40695324215582                                     0.0
27    7    48.75448697299562                                     0.0
28    7    72.71863585079137                                     0.0
29    7    74.06078584514209                                     0.0
30    7    34.92849839314596                                     0.0
31    7    67.1863081289633                                     0.0
32    7    27.459060435491963                                     0.0
33    7    74.24284477308234                                     0.0
34    7    50.566787519082126                                     0.0
35    7    25.495097567963924                                     0.0
36    7    62.625873247404705                                     0.0
37    7    25.553864678361276                                     0.0
2    8    58.872744118140105                                     0.0
3    8    80.89499366462674                                     0.0
4    8    64.07807737440318                                     0.0
5    8    17.029386365926403                                     0.0
6    8    77.47257579298626                                     0.0
7    8    31.827660925679098                                     0.0
0    8    16.1245154965971                                     0.0
8    8    0.0                                     0.0
9    8    61.032778078668514                                     0.0
10    8    65.37583651472461                                     0.0
11    8    56.639209034025185                                     0.0
12    8    65.11528238439882                                     0.0
13    8    81.34494452638098                                     0.0
14    8    28.319604517012593                                     0.0
15    8    16.64331697709324                                     0.0
16    8    52.32590180780452                                     0.0
17    8    3.0                                     0.0
18    8    30.01666203960727                                     0.0
19    8    18.439088914585774                                     0.0
20    8    38.01315561749642                                     0.0
21    8    42.5440947723653                                     0.0
22    8    65.0                                     0.0
23    8    79.05694150420949                                     0.0
24    8    93.94147114027967                                     0.0
25    8    14.142135623730951                                     0.0
26    8    34.058772731852805                                     0.0
27    8    47.853944456021594                                     0.0
28    8    42.15447781671598                                     0.0
29    8    85.14693182963201                                     0.0
30    8    33.24154027718932                                     0.0
31    8    51.62363799656123                                     0.0
32    8    37.0                                     0.0
33    8    53.45091205957107                                     0.0
34    8    68.0294054067798                                     0.0
35    8    33.0                                     0.0
36    8    36.013886210738214                                     0.0
37    8    36.0                                     0.0
2    9    14.866068747318506                                     0.0
3    9    55.758407437802596                                     0.0
4    9    13.45362404707371                                     0.0
5    9    47.38143096192854                                     0.0
6    9    21.37755832643195                                     0.0
7    9    30.463092423455635                                     0.0
8    9    61.032778078668514                                     0.0
0    9    55.362442142665635                                     0.0
9    9    0.0                                     0.0
10    9    44.598206241955516                                     0.0
11    9    73.43704787094863                                     0.0
12    9    83.21658488546619                                     0.0
13    9    91.44397191723465                                     0.0
14    9    61.29437168288782                                     0.0
15    9    46.06517122512408                                     0.0
16    9    86.33075929238663                                     0.0
17    9    63.51377803280167                                     0.0
18    9    41.182520563948                                     0.0
19    9    44.553338819890925                                     0.0
20    9    37.94733192202055                                     0.0
21    9    19.1049731745428                                     0.0
22    9    52.630789467763066                                     0.0
23    9    81.39410298049853                                     0.0
24    9    85.61541917201598                                     0.0
25    9    65.0                                     0.0
26    9    84.0535543567314                                     0.0
27    9    56.43580423808985                                     0.0
28    9    99.15644204992432                                     0.0
29    9    63.28506932918696                                     0.0
30    9    62.12889826803627                                     0.0
31    9    82.28000972289685                                     0.0
32    9    37.33630940518894                                     0.0
33    9    92.47702417357513                                     0.0
34    9    37.589892258425                                     0.0
35    9    38.91015291668744                                     0.0
36    9    86.2670273047588                                     0.0
37    9    50.00999900019995                                     0.0
2    10    29.732137494637012                                     0.0
3    10    15.811388300841896                                     0.0
4    10    32.55764119219941                                     0.0
5    10    48.662100242385755                                     0.0
6    10    38.47076812334269                                     0.0
7    10    52.43090691567332                                     0.0
8    10    65.37583651472461                                     0.0
9    10    44.598206241955516                                     0.0
0    10    70.83784299369935                                     0.0
10    10    0.0                                     0.0
11    10    38.600518131237564                                     0.0
12    10    46.06517122512408                                     0.0
13    10    49.36598018878993                                     0.0
14    10    45.60701700396552                                     0.0
15    10    59.80802621722272                                     0.0
16    10    58.0                                     0.0
17    10    68.3593446428504                                     0.0
18    10    35.510561809129406                                     0.0
19    10    48.27007354458868                                     0.0
20    10    27.65863337187866                                     0.0
21    10    39.59797974644666                                     0.0
22    10    9.219544457292887                                     0.0
23    10    38.0                                     0.0
24    10    41.14608122288197                                     0.0
25    10    76.90253571892151                                     0.0
26    10    68.54195795277518                                     0.0
27    10    26.076809620810597                                     0.0
28    10    87.09190547921202                                     0.0
29    10    21.633307652783937                                     0.0
30    10    85.86617494683223                                     0.0
31    10    53.03772242470448                                     0.0
32    10    28.861739379323623                                     0.0
33    10    65.85590330410783                                     0.0
34    10    9.486832980505138                                     0.0
35    10    32.7566787083184                                     0.0
36    10    70.26378868236469                                     0.0
37    10    77.93587107359485                                     0.0
2    11    60.41522986797286                                     0.0
3    11    46.04345773288535                                     0.0
4    11    65.25335240430181                                     0.0
5    11    46.32493928760188                                     0.0
6    11    74.84650960465692                                     0.0
7    11    64.19501538281614                                     0.0
8    11    56.639209034025185                                     0.0
9    11    73.43704787094863                                     0.0
10    11    38.600518131237564                                     0.0
0    11    69.65629906907199                                     0.0
11    11    0.0                                     0.0
12    11    10.198039027185569                                     0.0
13    11    24.758836806279895                                     0.0
14    11    28.319604517012593                                     0.0
15    11    61.587336360651285                                     0.0
16    11    21.02379604162864                                     0.0
17    11    58.89821729050889                                     0.0
18    11    38.897300677553446                                     0.0
19    11    48.373546489791295                                     0.0
20    11    37.21558813185679                                     0.0
21    11    59.21148537234985                                     0.0
22    11    30.4138126514911                                     0.0
23    11    24.041630560342615                                     0.0
24    11    41.43669871020132                                     0.0
25    11    70.76722405181653                                     0.0
26    11    40.19950248448356                                     0.0
27    11    17.029386365926403                                     0.0
28    11    58.008620049092706                                     0.0
29    11    45.18849411078001                                     0.0
30    11    87.6184911990614                                     0.0
31    11    16.15549442140351                                     0.0
32    11    38.3275357934736                                     0.0
33    11    29.068883707497267                                     0.0
34    11    47.70744176750625                                     0.0
35    11    39.05124837953327                                     0.0
36    11    41.048751503547585                                     0.0
37    11    85.0881895447306                                     0.0
2    12    69.87131027825369                                     0.0
3    12    50.91168824543142                                     0.0
4    12    74.52516353554684                                     0.0
5    12    55.94640292279746                                     0.0
6    12    83.48652585896721                                     0.0
7    12    74.33034373659252                                     0.0
8    12    65.11528238439882                                     0.0
9    12    83.21658488546619                                     0.0
10    12    46.06517122512408                                     0.0
11    12    10.198039027185569                                     0.0
0    12    78.81624198095213                                     0.0
12    12    0.0                                     0.0
13    12    17.0                                     0.0
14    12    37.013511046643494                                     0.0
15    12    71.19691004531025                                     0.0
16    12    21.02379604162864                                     0.0
17    12    67.17886572427373                                     0.0
18    12    49.040799340956916                                     0.0
19    12    58.137767414994535                                     0.0
20    12    47.38143096192854                                     0.0
21    12    69.35416353759881                                     0.0
22    12    37.21558813185679                                     0.0
23    12    21.213203435596427                                     0.0
24    12    39.20459156782532                                     0.0
25    12    79.2464510246358                                     0.0
26    12    44.27188724235731                                     0.0
27    12    27.018512172212592                                     0.0
28    12    60.67124524847005                                     0.0
29    12    48.60041152089147                                     0.0
30    12    96.83491106000976                                     0.0
31    12    17.46424919657298                                     0.0
32    12    48.507731342539614                                     0.0
33    12    28.160255680657446                                     0.0
34    12    55.46169849544819                                     0.0
35    12    49.24428900898052                                     0.0
36    12    44.64302857109943                                     0.0
37    12    94.82615672903758                                     0.0
2    13    77.10382610480494                                     0.0
3    13    48.75448697299562                                     0.0
4    13    81.0                                     0.0
5    13    70.80254232723568                                     0.0
6    13    87.82368700982668                                     0.0
7    13    87.23531395025755                                     0.0
8    13    81.34494452638098                                     0.0
9    13    91.44397191723465                                     0.0
10    13    49.36598018878993                                     0.0
11    13    24.758836806279895                                     0.0
12    13    17.0                                     0.0
0    13    94.36630754670864                                     0.0
13    13    0.0                                     0.0
14    13    53.03772242470448                                     0.0
15    13    86.02325267042627                                     0.0
16    13    37.107950630558946                                     0.0
17    13    83.54639429682169                                     0.0
18    13    62.177166226839255                                     0.0
19    13    72.67048919609665                                     0.0
20    13    58.872744118140105                                     0.0
21    13    80.0812087820857                                     0.0
22    13    40.19950248448356                                     0.0
23    13    12.529964086141668                                     0.0
24    13    26.832815729997478                                     0.0
25    13    95.4829827770373                                     0.0
26    13    61.09828148156051                                     0.0
27    13    38.48376280978771                                     0.0
28    13    76.90253571892151                                     0.0
29    13    44.10215414239989                                     0.0
30    13    112.29425630903836                                     0.0
31    13    34.17601498127012                                     0.0
32    13    60.166435825965294                                     0.0
33    13    43.289721643826724                                     0.0
34    13    58.69412236331676                                     0.0
35    13    61.741396161732524                                     0.0
36    13    61.35144660071187                                     0.0
37    13    109.29318368498559                                     0.0
2    14    52.49761899362675                                     0.0
3    14    59.413803110051795                                     0.0
4    14    58.137767414994535                                     0.0
5    14    20.396078054371138                                     0.0
6    14    70.71067811865476                                     0.0
7    14    42.01190307520001                                     0.0
8    14    28.319604517012593                                     0.0
9    14    61.29437168288782                                     0.0
10    14    45.60701700396552                                     0.0
11    14    28.319604517012593                                     0.0
12    14    37.013511046643494                                     0.0
13    14    53.03772242470448                                     0.0
0    14    41.88078318274385                                     0.0
14    14    0.0                                     0.0
15    14    35.11409973215888                                     0.0
16    14    28.071337695236398                                     0.0
17    14    30.610455730027933                                     0.0
18    14    20.12461179749811                                     0.0
19    14    23.194827009486403                                     0.0
20    14    24.758836806279895                                     0.0
21    14    43.08131845707603                                     0.0
22    14    42.1070065428546                                     0.0
23    14    51.10772935672255                                     0.0
24    14    66.85057965343307                                     0.0
25    14    42.44997055358225                                     0.0
26    14    24.20743687382041                                     0.0
27    14    22.090722034374522                                     0.0
28    14    42.05948168962618                                     0.0
29    14    62.0                                     0.0
30    14    59.90826320300064                                     0.0
31    14    25.709920264364882                                     0.0
32    14    24.839484696748443                                     0.0
33    14    32.38826948140329                                     0.0
34    14    51.478150704935004                                     0.0
35    14    22.47220505424423                                     0.0
36    14    26.248809496813376                                     0.0
37    14    58.872744118140105                                     0.0
2    15    46.52956049652737                                     0.0
3    15    75.61084578286372                                     0.0
4    15    51.19570294468082                                     0.0
5    15    15.264337522473747                                     0.0
6    15    64.28841264178172                                     0.0
7    15    15.811388300841896                                     0.0
8    15    16.64331697709324                                     0.0
9    15    46.06517122512408                                     0.0
10    15    59.80802621722272                                     0.0
11    15    61.587336360651285                                     0.0
12    15    71.19691004531025                                     0.0
13    15    86.02325267042627                                     0.0
14    15    35.11409973215888                                     0.0
0    15    11.180339887498949                                     0.0
15    15    0.0                                     0.0
16    15    62.5859409132754                                     0.0
17    15    18.439088914585774                                     0.0
18    15    25.80697580112788                                     0.0
19    15    13.45362404707371                                     0.0
20    15    32.64965543462902                                     0.0
21    15    28.861739379323623                                     0.0
22    15    61.773780845922005                                     0.0
23    15    81.34494452638098                                     0.0
24    15    94.02127418834527                                     0.0
25    15    19.4164878389476                                     0.0
26    15    48.507731342539614                                     0.0
27    15    48.79549159502341                                     0.0
28    15    58.60034129593445                                     0.0
29    15    81.02468759581859                                     0.0
30    15    27.018512172212592                                     0.0
31    15    60.728905802755904                                     0.0
32    15    31.304951684997057                                     0.0
33    15    65.37583651472461                                     0.0
34    15    60.207972893961475                                     0.0
35    15    27.784887978899608                                     0.0
36    15    50.635955604688654                                     0.0
37    15    23.769728648009426                                     0.0
2    16    75.15317691222374                                     0.0
3    16    66.88796603276258                                     0.0
4    16    80.49844718999243                                     0.0
5    16    48.373546489791295                                     0.0
6    16    91.58602513484249                                     0.0
7    16    70.00714249274856                                     0.0
8    16    52.32590180780452                                     0.0
9    16    86.33075929238663                                     0.0
10    16    58.0                                     0.0
11    16    21.02379604162864                                     0.0
12    16    21.02379604162864                                     0.0
13    16    37.107950630558946                                     0.0
14    16    28.071337695236398                                     0.0
15    16    62.5859409132754                                     0.0
0    16    67.77905281132217                                     0.0
16    16    0.0                                     0.0
17    16    53.71219600798314                                     0.0
18    16    46.52956049652737                                     0.0
19    16    51.24451190127583                                     0.0
20    16    48.38388161361178                                     0.0
21    16    69.42621983083913                                     0.0
22    16    50.60632371551998                                     0.0
23    16    42.04759208325728                                     0.0
24    16    60.07495318350236                                     0.0
25    16    65.86349520030045                                     0.0
26    16    24.698178070456937                                     0.0
27    16    32.802438933713454                                     0.0
28    16    39.81205847478876                                     0.0
29    16    66.2117814289874                                     0.0
30    16    85.492689745966                                     0.0
31    16    5.0                                     0.0
32    16    49.040799340956916                                     0.0
33    16    8.06225774829855                                     0.0
34    16    66.52818951391959                                     0.0
35    16    48.05205510693585                                     0.0
36    16    24.596747752497688                                     0.0
37    16    86.1278120005379                                     0.0
2    17    61.68468205316454                                     0.0
3    17    83.86298349093002                                     0.0
4    17    66.85057965343307                                     0.0
5    17    20.024984394500787                                     0.0
6    17    80.23091673413684                                     0.0
7    17    33.97057550292606                                     0.0
8    17    3.0                                     0.0
9    17    63.51377803280167                                     0.0
10    17    68.3593446428504                                     0.0
11    17    58.89821729050889                                     0.0
12    17    67.17886572427373                                     0.0
13    17    83.54639429682169                                     0.0
14    17    30.610455730027933                                     0.0
15    17    18.439088914585774                                     0.0
16    17    53.71219600798314                                     0.0
0    17    16.0312195418814                                     0.0
17    17    0.0                                     0.0
18    17    33.015148038438355                                     0.0
19    17    21.37755832643195                                     0.0
20    17    41.012193308819754                                     0.0
21    17    45.17742799230607                                     0.0
22    17    67.91170738539859                                     0.0
23    17    81.54140052758476                                     0.0
24    17    96.60227740586657                                     0.0
25    17    12.206555615733702                                     0.0
26    17    34.36568055487916                                     0.0
27    17    50.566787519082126                                     0.0
28    17    41.10960958218893                                     0.0
29    17    88.07383266328314                                     0.0
30    17    32.28002478313795                                     0.0
31    17    53.25410782277739                                     0.0
32    17    40.0                                     0.0
33    17    54.42425929675111                                     0.0
34    17    71.02816342831905                                     0.0
35    17    36.0                                     0.0
36    17    36.22154055254967                                     0.0
37    17    36.124783736376884                                     0.0
2    18    33.301651610693426                                     0.0
3    18    51.19570294468082                                     0.0
4    18    38.948684188300895                                     0.0
5    18    13.152946437965905                                     0.0
6    18    52.009614495783374                                     0.0
7    18    25.298221281347036                                     0.0
8    18    30.01666203960727                                     0.0
9    18    41.182520563948                                     0.0
10    18    35.510561809129406                                     0.0
11    18    38.897300677553446                                     0.0
12    18    49.040799340956916                                     0.0
13    18    62.177166226839255                                     0.0
14    18    20.12461179749811                                     0.0
15    18    25.80697580112788                                     0.0
16    18    46.52956049652737                                     0.0
17    18    33.015148038438355                                     0.0
0    18    36.235341863986875                                     0.0
18    18    0.0                                     0.0
19    18    13.0                                     0.0
20    18    8.0                                     0.0
21    18    23.08679276123039                                     0.0
22    18    36.24913792078372                                     0.0
23    18    56.22277118748239                                     0.0
24    18    68.24954212300622                                     0.0
25    18    41.48493702538308                                     0.0
26    18    43.278170016764804                                     0.0
27    18    23.853720883753127                                     0.0
28    18    59.665735560705194                                     0.0
29    18    55.97320787662612                                     0.0
30    18    52.80151512977634                                     0.0
31    18    43.104524124504614                                     0.0
32    18    7.0710678118654755                                     0.0
33    18    51.92301994298868                                     0.0
34    18    38.118237105091836                                     0.0
35    18    3.1622776601683795                                     0.0
36    18    45.45327270945405                                     0.0
37    18    47.634021455258214                                     0.0
2    19    40.718546143004666                                     0.0
3    19    64.03124237432849                                     0.0
4    19    46.06517122512408                                     0.0
5    19    3.1622776601683795                                     0.0
6    19    59.481089431852205                                     0.0
7    19    19.4164878389476                                     0.0
8    19    18.439088914585774                                     0.0
9    19    44.553338819890925                                     0.0
10    19    48.27007354458868                                     0.0
11    19    48.373546489791295                                     0.0
12    19    58.137767414994535                                     0.0
13    19    72.67048919609665                                     0.0
14    19    23.194827009486403                                     0.0
15    19    13.45362404707371                                     0.0
16    19    51.24451190127583                                     0.0
17    19    21.37755832643195                                     0.0
18    19    13.0                                     0.0
0    19    23.323807579381203                                     0.0
19    19    0.0                                     0.0
20    19    20.615528128088304                                     0.0
21    19    25.495097567963924                                     0.0
22    19    49.24428900898052                                     0.0
23    19    67.89698078707183                                     0.0
24    19    80.80222769206304                                     0.0
25    19    28.635642126552707                                     0.0
26    19    41.23105625617661                                     0.0
27    19    35.35533905932738                                     0.0
28    19    54.817880294662984                                     0.0
29    19    68.9492567037528                                     0.0
30    19    40.36087214122113                                     0.0
31    19    48.83646178829912                                     0.0
32    19    19.4164878389476                                     0.0
33    19    55.036351623268054                                     0.0
34    19    50.039984012787215                                     0.0
35    19    15.524174696260024                                     0.0
36    19    43.46262762420146                                     0.0
37    19    36.71511950137164                                     0.0
2    20    27.80287754891569                                     0.0
3    20    43.41658669218482                                     0.0
4    20    33.421549934136806                                     0.0
5    20    21.095023109728988                                     0.0
6    20    45.967379738244816                                     0.0
7    20    28.844410203711913                                     0.0
8    20    38.01315561749642                                     0.0
9    20    37.94733192202055                                     0.0
10    20    27.65863337187866                                     0.0
11    20    37.21558813185679                                     0.0
12    20    47.38143096192854                                     0.0
13    20    58.872744118140105                                     0.0
14    20    24.758836806279895                                     0.0
15    20    32.64965543462902                                     0.0
16    20    48.38388161361178                                     0.0
17    20    41.012193308819754                                     0.0
18    20    8.0                                     0.0
19    20    20.615528128088304                                     0.0
0    20    43.46262762420146                                     0.0
20    20    0.0                                     0.0
21    20    22.02271554554524                                     0.0
22    20    29.154759474226502                                     0.0
23    20    51.62363799656123                                     0.0
24    20    62.24146527838174                                     0.0
25    20    49.24428900898052                                     0.0
26    20    48.83646178829912                                     0.0
27    20    20.615528128088304                                     0.0
28    20    66.03029607687671                                     0.0
29    20    48.46648326421054                                     0.0
30    20    59.36328831862332                                     0.0
31    20    44.384682042344295                                     0.0
32    20    1.4142135623730951                                     0.0
33    20    54.62600113499065                                     0.0
34    20    30.14962686336267                                     0.0
35    20    5.0990195135927845                                     0.0
36    20    50.93132631298737                                     0.0
37    20    53.03772242470448                                     0.0
2    21    18.0                                     0.0
3    21    54.20332093147061                                     0.0
4    21    22.360679774997898                                     0.0
5    21    28.284271247461902                                     0.0
6    21    35.4400902933387                                     0.0
7    21    15.132745950421556                                     0.0
8    21    42.5440947723653                                     0.0
9    21    19.1049731745428                                     0.0
10    21    39.59797974644666                                     0.0
11    21    59.21148537234985                                     0.0
12    21    69.35416353759881                                     0.0
13    21    80.0812087820857                                     0.0
14    21    43.08131845707603                                     0.0
15    21    28.861739379323623                                     0.0
16    21    69.42621983083913                                     0.0
17    21    45.17742799230607                                     0.0
18    21    23.08679276123039                                     0.0
19    21    25.495097567963924                                     0.0
20    21    22.02271554554524                                     0.0
0    21    39.319206502675                                     0.0
21    21    0.0                                     0.0
22    21    45.221676218380054                                     0.0
23    21    71.69379331573968                                     0.0
24    21    79.63039620647382                                     0.0
25    21    48.27007354458868                                     0.0
26    21    65.19202405202648                                     0.0
27    21    42.42640687119285                                     0.0
28    21    80.05623023850174                                     0.0
29    21    60.959002616512684                                     0.0
30    21    50.00999900019995                                     0.0
31    21    65.76473218982953                                     0.0
32    21    21.0                                     0.0
33    21    75.0                                     0.0
34    21    36.359317925395686                                     0.0
35    21    21.37755832643195                                     0.0
36    21    67.4166151627327                                     0.0
37    21    39.92492955535426                                     0.0
2    22    37.8549864614954                                     0.0
3    22    17.46424919657298                                     0.0
4    22    41.19465984809196                                     0.0
5    22    49.040799340956916                                     0.0
6    22    47.67598976424087                                     0.0
7    22    56.586217403180434                                     0.0
8    22    65.0                                     0.0
9    22    52.630789467763066                                     0.0
10    22    9.219544457292887                                     0.0
11    22    30.4138126514911                                     0.0
12    22    37.21558813185679                                     0.0
13    22    40.19950248448356                                     0.0
14    22    42.1070065428546                                     0.0
15    22    61.773780845922005                                     0.0
16    22    50.60632371551998                                     0.0
17    22    67.91170738539859                                     0.0
18    22    36.24913792078372                                     0.0
19    22    49.24428900898052                                     0.0
20    22    29.154759474226502                                     0.0
21    22    45.221676218380054                                     0.0
0    22    72.44998274671983                                     0.0
22    22    0.0                                     0.0
23    22    29.068883707497267                                     0.0
24    22    34.40930106817051                                     0.0
25    22    77.4919350642375                                     0.0
26    22    63.60031446463138                                     0.0
27    22    20.615528128088304                                     0.0
28    22    82.28000972289685                                     0.0
29    22    20.223748416156685                                     0.0
30    22    88.50988645343524                                     0.0
31    22    45.60701700396552                                     0.0
32    22    30.528675044947494                                     0.0
33    22    58.60034129593445                                     0.0
34    22    18.681541692269406                                     0.0
35    22    34.0                                     0.0
36    22    65.14598989960932                                     0.0
37    22    81.68843247363729                                     0.0
2    23    66.75327707311455                                     0.0
3    23    36.24913792078372                                     0.0
4    23    70.25667228100119                                     0.0
5    23    66.48308055437865                                     0.0
6    23    76.23647421018367                                     0.0
7    23    80.45495634204272                                     0.0
8    23    79.05694150420949                                     0.0
9    23    81.39410298049853                                     0.0
10    23    38.0                                     0.0
11    23    24.041630560342615                                     0.0
12    23    21.213203435596427                                     0.0
13    23    12.529964086141668                                     0.0
14    23    51.10772935672255                                     0.0
15    23    81.34494452638098                                     0.0
16    23    42.04759208325728                                     0.0
17    23    81.54140052758476                                     0.0
18    23    56.22277118748239                                     0.0
19    23    67.89698078707183                                     0.0
20    23    51.62363799656123                                     0.0
21    23    71.69379331573968                                     0.0
22    23    29.068883707497267                                     0.0
0    23    90.60905032059435                                     0.0
23    23    0.0                                     0.0
24    23    18.027756377319946                                     0.0
25    23    93.00537618869137                                     0.0
26    23    63.953107821277925                                     0.0
27    23    32.55764119219941                                     0.0
28    23    81.2219182240853                                     0.0
29    23    31.622776601683793                                     0.0
30    23    108.18964830333815                                     0.0
31    23    38.01315561749642                                     0.0
32    23    53.0                                     0.0
33    23    49.36598018878993                                     0.0
34    23    47.095647357266465                                     0.0
35    23    55.21775076911409                                     0.0
36    23    64.6297145282261                                     0.0
37    23    103.85566907973777                                     0.0
2    24    70.77428911688199                                     0.0
3    24    32.14031735997639                                     0.0
4    24    73.05477397131553                                     0.0
5    24    79.88116173416608                                     0.0
6    24    75.95393340703298                                     0.0
7    24    90.60905032059435                                     0.0
8    24    93.94147114027967                                     0.0
9    24    85.61541917201598                                     0.0
10    24    41.14608122288197                                     0.0
11    24    41.43669871020132                                     0.0
12    24    39.20459156782532                                     0.0
13    24    26.832815729997478                                     0.0
14    24    66.85057965343307                                     0.0
15    24    94.02127418834527                                     0.0
16    24    60.07495318350236                                     0.0
17    24    96.60227740586657                                     0.0
18    24    68.24954212300622                                     0.0
19    24    80.80222769206304                                     0.0
20    24    62.24146527838174                                     0.0
21    24    79.63039620647382                                     0.0
22    24    34.40930106817051                                     0.0
23    24    18.027756377319946                                     0.0
0    24    104.04326023342406                                     0.0
24    24    0.0                                     0.0
25    24    107.54068997360952                                     0.0
26    24    81.61494961096282                                     0.0
27    24    46.14108798023731                                     0.0
28    24    99.12618221237011                                     0.0
29    24    25.0                                     0.0
30    24    121.03718436910205                                     0.0
31    24    56.0                                     0.0
32    24    63.655321851358195                                     0.0
33    24    67.36467917239716                                     0.0
34    24    48.38388161361178                                     0.0
35    24    66.60330322138685                                     0.0
36    24    82.38931969618392                                     0.0
37    24    115.27792503337315                                     0.0
2    25    65.92419889539804                                     0.0
3    25    92.64987857520376                                     0.0
4    25    70.61161377563892                                     0.0
5    25    28.460498941515414                                     0.0
6    25    83.67795408588812                                     0.0
7    25    34.539832078341085                                     0.0
8    25    14.142135623730951                                     0.0
9    25    65.0                                     0.0
10    25    76.90253571892151                                     0.0
11    25    70.76722405181653                                     0.0
12    25    79.2464510246358                                     0.0
13    25    95.4829827770373                                     0.0
14    25    42.44997055358225                                     0.0
15    25    19.4164878389476                                     0.0
16    25    65.86349520030045                                     0.0
17    25    12.206555615733702                                     0.0
18    25    41.48493702538308                                     0.0
19    25    28.635642126552707                                     0.0
20    25    49.24428900898052                                     0.0
21    25    48.27007354458868                                     0.0
22    25    77.4919350642375                                     0.0
23    25    93.00537618869137                                     0.0
24    25    107.54068997360952                                     0.0
0    25    10.0                                     0.0
25    25    0.0                                     0.0
26    25    45.60701700396552                                     0.0
27    25    61.40032573203501                                     0.0
28    25    49.36598018878993                                     0.0
29    25    97.41663102366043                                     0.0
30    25    21.095023109728988                                     0.0
31    25    65.45991139621256                                     0.0
32    25    48.05205510693585                                     0.0
33    25    66.30987860040162                                     0.0
34    25    78.40918313565064                                     0.0
35    25    44.14748010928823                                     0.0
36    25    47.29693436154187                                     0.0
37    25    27.85677655436824                                     0.0
2    26    76.38062581571324                                     0.0
3    26    81.04319835741924                                     0.0
4    26    82.03657720797473                                     0.0
5    26    38.07886552931954                                     0.0
6    26    94.79451460923254                                     0.0
7    26    60.40695324215582                                     0.0
8    26    34.058772731852805                                     0.0
9    26    84.0535543567314                                     0.0
10    26    68.54195795277518                                     0.0
11    26    40.19950248448356                                     0.0
12    26    44.27188724235731                                     0.0
13    26    61.09828148156051                                     0.0
14    26    24.20743687382041                                     0.0
15    26    48.507731342539614                                     0.0
16    26    24.698178070456937                                     0.0
17    26    34.36568055487916                                     0.0
18    26    43.278170016764804                                     0.0
19    26    41.23105625617661                                     0.0
20    26    48.83646178829912                                     0.0
21    26    65.19202405202648                                     0.0
22    26    63.60031446463138                                     0.0
23    26    63.953107821277925                                     0.0
24    26    81.61494961096282                                     0.0
25    26    45.60701700396552                                     0.0
0    26    50.15974481593781                                     0.0
26    26    0.0                                     0.0
27    26    43.01162633521314                                     0.0
28    26    18.681541692269406                                     0.0
29    26    82.37718130647589                                     0.0
30    26    66.49060083951716                                     0.0
31    26    26.92582403567252                                     0.0
32    26    48.79549159502341                                     0.0
33    26    22.02271554554524                                     0.0
34    26    75.17978451685                                     0.0
35    26    46.010868281309364                                     0.0
36    26    2.23606797749979                                     0.0
37    26    70.02856560004639                                     0.0
2    27    43.68065933568311                                     0.0
3    27    38.07886552931954                                     0.0
4    27    48.703182647543684                                     0.0
5    27    34.058772731852805                                     0.0
6    27    59.0592922409336                                     0.0
7    27    48.75448697299562                                     0.0
8    27    47.853944456021594                                     0.0
9    27    56.43580423808985                                     0.0
10    27    26.076809620810597                                     0.0
11    27    17.029386365926403                                     0.0
12    27    27.018512172212592                                     0.0
13    27    38.48376280978771                                     0.0
14    27    22.090722034374522                                     0.0
15    27    48.79549159502341                                     0.0
16    27    32.802438933713454                                     0.0
17    27    50.566787519082126                                     0.0
18    27    23.853720883753127                                     0.0
19    27    35.35533905932738                                     0.0
20    27    20.615528128088304                                     0.0
21    27    42.42640687119285                                     0.0
22    27    20.615528128088304                                     0.0
23    27    32.55764119219941                                     0.0
24    27    46.14108798023731                                     0.0
25    27    61.40032573203501                                     0.0
26    27    43.01162633521314                                     0.0
0    27    58.25804665451803                                     0.0
27    27    0.0                                     0.0
28    27    61.68468205316454                                     0.0
29    27    40.049968789001575                                     0.0
30    27    75.69015788066504                                     0.0
31    27    28.0178514522438                                     0.0
32    27    21.840329667841555                                     0.0
33    27    40.36087214122113                                     0.0
34    27    33.97057550292606                                     0.0
35    27    23.259406699226016                                     0.0
36    27    44.598206241955516                                     0.0
37    27    71.40028011149536                                     0.0
2    28    92.9569792968769                                     0.0
3    28    99.72462083156798                                     0.0
4    28    98.59513172565875                                     0.0
5    28    51.85556864985669                                     0.0
6    28    111.66467659918243                                     0.0
7    28    72.71863585079137                                     0.0
8    28    42.15447781671598                                     0.0
9    28    99.15644204992432                                     0.0
10    28    87.09190547921202                                     0.0
11    28    58.008620049092706                                     0.0
12    28    60.67124524847005                                     0.0
13    28    76.90253571892151                                     0.0
14    28    42.05948168962618                                     0.0
15    28    58.60034129593445                                     0.0
16    28    39.81205847478876                                     0.0
17    28    41.10960958218893                                     0.0
18    28    59.665735560705194                                     0.0
19    28    54.817880294662984                                     0.0
20    28    66.03029607687671                                     0.0
21    28    80.05623023850174                                     0.0
22    28    82.28000972289685                                     0.0
23    28    81.2219182240853                                     0.0
24    28    99.12618221237011                                     0.0
25    28    49.36598018878993                                     0.0
26    28    18.681541692269406                                     0.0
27    28    61.68468205316454                                     0.0
0    28    56.753854494650845                                     0.0
28    28    0.0                                     0.0
29    28    101.0                                     0.0
30    28    70.11419257183242                                     0.0
31    28    43.289721643826724                                     0.0
32    28    65.80273550544841                                     0.0
33    28    34.17601498127012                                     0.0
34    28    93.47192091746055                                     0.0
35    28    62.625873247404705                                     0.0
36    28    17.26267650163207                                     0.0
37    28    76.68767828015137                                     0.0
2    29    48.82622246293481                                     0.0
3    29    7.615773105863909                                     0.0
4    29    50.11985634456667                                     0.0
5    29    68.96375859826666                                     0.0
6    29    51.419840528729765                                     0.0
7    29    74.06078584514209                                     0.0
8    29    85.14693182963201                                     0.0
9    29    63.28506932918696                                     0.0
10    29    21.633307652783937                                     0.0
11    29    45.18849411078001                                     0.0
12    29    48.60041152089147                                     0.0
13    29    44.10215414239989                                     0.0
14    29    62.0                                     0.0
15    29    81.02468759581859                                     0.0
16    29    66.2117814289874                                     0.0
17    29    88.07383266328314                                     0.0
18    29    55.97320787662612                                     0.0
19    29    68.9492567037528                                     0.0
20    29    48.46648326421054                                     0.0
21    29    60.959002616512684                                     0.0
22    29    20.223748416156685                                     0.0
23    29    31.622776601683793                                     0.0
24    29    25.0                                     0.0
25    29    97.41663102366043                                     0.0
26    29    82.37718130647589                                     0.0
27    29    40.049968789001575                                     0.0
28    29    101.0                                     0.0
0    29    91.92388155425118                                     0.0
29    29    0.0                                     0.0
30    29    107.35455276791944                                     0.0
31    29    61.326992425847855                                     0.0
32    29    49.76946855251722                                     0.0
33    29    74.24957912338628                                     0.0
34    29    25.80697580112788                                     0.0
35    29    53.48831648126533                                     0.0
36    29    83.74365647617735                                     0.0
37    29    99.56907150315303                                     0.0
2    30    67.7421582177598                                     0.0
3    30    101.55294185792945                                     0.0
4    30    71.25307010929424                                     0.0
5    30    41.72529209005013                                     0.0
6    30    83.0                                     0.0
7    30    34.92849839314596                                     0.0
8    30    33.24154027718932                                     0.0
9    30    62.12889826803627                                     0.0
10    30    85.86617494683223                                     0.0
11    30    87.6184911990614                                     0.0
12    30    96.83491106000976                                     0.0
13    30    112.29425630903836                                     0.0
14    30    59.90826320300064                                     0.0
15    30    27.018512172212592                                     0.0
16    30    85.492689745966                                     0.0
17    30    32.28002478313795                                     0.0
18    30    52.80151512977634                                     0.0
19    30    40.36087214122113                                     0.0
20    30    59.36328831862332                                     0.0
21    30    50.00999900019995                                     0.0
22    30    88.50988645343524                                     0.0
23    30    108.18964830333815                                     0.0
24    30    121.03718436910205                                     0.0
25    30    21.095023109728988                                     0.0
26    30    66.49060083951716                                     0.0
27    30    75.69015788066504                                     0.0
28    30    70.11419257183242                                     0.0
29    30    107.35455276791944                                     0.0
0    30    18.027756377319946                                     0.0
30    30    0.0                                     0.0
31    30    84.53401682163222                                     0.0
32    30    57.982756057296896                                     0.0
33    30    86.64871608973787                                     0.0
34    30    85.09406559801923                                     0.0
35    30    54.644304369257                                     0.0
36    30    68.24954212300622                                     0.0
37    30    13.0                                     0.0
2    31    70.77428911688199                                     0.0
3    31    61.91122676865643                                     0.0
4    31    76.05918747922567                                     0.0
5    31    46.09772228646444                                     0.0
6    31    86.95401083331349                                     0.0
7    31    67.1863081289633                                     0.0
8    31    51.62363799656123                                     0.0
9    31    82.28000972289685                                     0.0
10    31    53.03772242470448                                     0.0
11    31    16.15549442140351                                     0.0
12    31    17.46424919657298                                     0.0
13    31    34.17601498127012                                     0.0
14    31    25.709920264364882                                     0.0
15    31    60.728905802755904                                     0.0
16    31    5.0                                     0.0
17    31    53.25410782277739                                     0.0
18    31    43.104524124504614                                     0.0
19    31    48.83646178829912                                     0.0
20    31    44.384682042344295                                     0.0
21    31    65.76473218982953                                     0.0
22    31    45.60701700396552                                     0.0
23    31    38.01315561749642                                     0.0
24    31    56.0                                     0.0
25    31    65.45991139621256                                     0.0
26    31    26.92582403567252                                     0.0
27    31    28.0178514522438                                     0.0
28    31    43.289721643826724                                     0.0
29    31    61.326992425847855                                     0.0
30    31    84.53401682163222                                     0.0
0    31    66.64082832618455                                     0.0
31    31    0.0                                     0.0
32    31    45.12205669071391                                     0.0
33    31    13.038404810405298                                     0.0
34    31    61.61980201201558                                     0.0
35    31    44.40720662234904                                     0.0
36    31    27.202941017470888                                     0.0
37    31    84.43340571124678                                     0.0
2    32    27.65863337187866                                     0.0
3    32    44.64302857109943                                     0.0
4    32    33.301651610693426                                     0.0
5    32    20.024984394500787                                     0.0
6    32    46.010868281309364                                     0.0
7    32    27.459060435491963                                     0.0
8    32    37.0                                     0.0
9    32    37.33630940518894                                     0.0
10    32    28.861739379323623                                     0.0
11    32    38.3275357934736                                     0.0
12    32    48.507731342539614                                     0.0
13    32    60.166435825965294                                     0.0
14    32    24.839484696748443                                     0.0
15    32    31.304951684997057                                     0.0
16    32    49.040799340956916                                     0.0
17    32    40.0                                     0.0
18    32    7.0710678118654755                                     0.0
19    32    19.4164878389476                                     0.0
20    32    1.4142135623730951                                     0.0
21    32    21.0                                     0.0
22    32    30.528675044947494                                     0.0
23    32    53.0                                     0.0
24    32    63.655321851358195                                     0.0
25    32    48.05205510693585                                     0.0
26    32    48.79549159502341                                     0.0
27    32    21.840329667841555                                     0.0
28    32    65.80273550544841                                     0.0
29    32    49.76946855251722                                     0.0
30    32    57.982756057296896                                     0.0
31    32    45.12205669071391                                     0.0
0    32    42.15447781671598                                     0.0
32    32    0.0                                     0.0
33    32    55.154328932550705                                     0.0
34    32    31.064449134018133                                     0.0
35    32    4.0                                     0.0
36    32    50.91168824543142                                     0.0
37    32    51.62363799656123                                     0.0
2    33    81.88406438373708                                     0.0
3    33    74.94664769020693                                     0.0
4    33    87.32124598286491                                     0.0
5    33    52.009614495783374                                     0.0
6    33    98.73702446397704                                     0.0
7    33    74.24284477308234                                     0.0
8    33    53.45091205957107                                     0.0
9    33    92.47702417357513                                     0.0
10    33    65.85590330410783                                     0.0
11    33    29.068883707497267                                     0.0
12    33    28.160255680657446                                     0.0
13    33    43.289721643826724                                     0.0
14    33    32.38826948140329                                     0.0
15    33    65.37583651472461                                     0.0
16    33    8.06225774829855                                     0.0
17    33    54.42425929675111                                     0.0
18    33    51.92301994298868                                     0.0
19    33    55.036351623268054                                     0.0
20    33    54.62600113499065                                     0.0
21    33    75.0                                     0.0
22    33    58.60034129593445                                     0.0
23    33    49.36598018878993                                     0.0
24    33    67.36467917239716                                     0.0
25    33    66.30987860040162                                     0.0
26    33    22.02271554554524                                     0.0
27    33    40.36087214122113                                     0.0
28    33    34.17601498127012                                     0.0
29    33    74.24957912338628                                     0.0
30    33    86.64871608973787                                     0.0
31    33    13.038404810405298                                     0.0
32    33    55.154328932550705                                     0.0
0    33    69.3757882838098                                     0.0
33    33    0.0                                     0.0
34    33    74.24957912338628                                     0.0
35    33    53.75872022286245                                     0.0
36    33    21.213203435596427                                     0.0
37    33    88.45903006477066                                     0.0
2    34    23.021728866442675                                     0.0
3    34    18.439088914585774                                     0.0
4    34    24.698178070456937                                     0.0
5    34    51.0098029794274                                     0.0
6    34    29.154759474226502                                     0.0
7    34    50.566787519082126                                     0.0
8    34    68.0294054067798                                     0.0
9    34    37.589892258425                                     0.0
10    34    9.486832980505138                                     0.0
11    34    47.70744176750625                                     0.0
12    34    55.46169849544819                                     0.0
13    34    58.69412236331676                                     0.0
14    34    51.478150704935004                                     0.0
15    34    60.207972893961475                                     0.0
16    34    66.52818951391959                                     0.0
17    34    71.02816342831905                                     0.0
18    34    38.118237105091836                                     0.0
19    34    50.039984012787215                                     0.0
20    34    30.14962686336267                                     0.0
21    34    36.359317925395686                                     0.0
22    34    18.681541692269406                                     0.0
23    34    47.095647357266465                                     0.0
24    34    48.38388161361178                                     0.0
25    34    78.40918313565064                                     0.0
26    34    75.17978451685                                     0.0
27    34    33.97057550292606                                     0.0
28    34    93.47192091746055                                     0.0
29    34    25.80697580112788                                     0.0
30    34    85.09406559801923                                     0.0
31    34    61.61980201201558                                     0.0
32    34    31.064449134018133                                     0.0
33    34    74.24957912338628                                     0.0
0    34    71.386273190299                                     0.0
34    34    0.0                                     0.0
35    34    35.05709628591621                                     0.0
36    34    77.02596964660685                                     0.0
37    34    76.02631123499285                                     0.0
2    35    30.4138126514911                                     0.0
3    35    48.507731342539614                                     0.0
4    35    36.069377593742864                                     0.0
5    35    16.0312195418814                                     0.0
6    35    49.040799340956916                                     0.0
7    35    25.495097567963924                                     0.0
8    35    33.0                                     0.0
9    35    38.91015291668744                                     0.0
10    35    32.7566787083184                                     0.0
11    35    39.05124837953327                                     0.0
12    35    49.24428900898052                                     0.0
13    35    61.741396161732524                                     0.0
14    35    22.47220505424423                                     0.0
15    35    27.784887978899608                                     0.0
16    35    48.05205510693585                                     0.0
17    35    36.0                                     0.0
18    35    3.1622776601683795                                     0.0
19    35    15.524174696260024                                     0.0
20    35    5.0990195135927845                                     0.0
21    35    21.37755832643195                                     0.0
22    35    34.0                                     0.0
23    35    55.21775076911409                                     0.0
24    35    66.60330322138685                                     0.0
25    35    44.14748010928823                                     0.0
26    35    46.010868281309364                                     0.0
27    35    23.259406699226016                                     0.0
28    35    62.625873247404705                                     0.0
29    35    53.48831648126533                                     0.0
30    35    54.644304369257                                     0.0
31    35    44.40720662234904                                     0.0
32    35    4.0                                     0.0
33    35    53.75872022286245                                     0.0
34    35    35.05709628591621                                     0.0
0    35    38.48376280978771                                     0.0
35    35    0.0                                     0.0
36    35    48.16637831516918                                     0.0
37    35    48.83646178829912                                     0.0
2    36    78.5175139698144                                     0.0
3    36    82.56512580987206                                     0.0
4    36    84.17244204607586                                     0.0
5    36    40.311288741492746                                     0.0
6    36    96.89685237405806                                     0.0
7    36    62.625873247404705                                     0.0
8    36    36.013886210738214                                     0.0
9    36    86.2670273047588                                     0.0
10    36    70.26378868236469                                     0.0
11    36    41.048751503547585                                     0.0
12    36    44.64302857109943                                     0.0
13    36    61.35144660071187                                     0.0
14    36    26.248809496813376                                     0.0
15    36    50.635955604688654                                     0.0
16    36    24.596747752497688                                     0.0
17    36    36.22154055254967                                     0.0
18    36    45.45327270945405                                     0.0
19    36    43.46262762420146                                     0.0
20    36    50.93132631298737                                     0.0
21    36    67.4166151627327                                     0.0
22    36    65.14598989960932                                     0.0
23    36    64.6297145282261                                     0.0
24    36    82.38931969618392                                     0.0
25    36    47.29693436154187                                     0.0
26    36    2.23606797749979                                     0.0
27    36    44.598206241955516                                     0.0
28    36    17.26267650163207                                     0.0
29    36    83.74365647617735                                     0.0
30    36    68.24954212300622                                     0.0
31    36    27.202941017470888                                     0.0
32    36    50.91168824543142                                     0.0
33    36    21.213203435596427                                     0.0
34    36    77.02596964660685                                     0.0
35    36    48.16637831516918                                     0.0
0    36    52.08646657242167                                     0.0
36    36    0.0                                     0.0
37    36    72.00694410957877                                     0.0
2    37    57.0087712549569                                     0.0
3    37    93.29523031752481                                     0.0
4    37    60.01666435249463                                     0.0
5    37    38.91015291668744                                     0.0
6    37    71.17583859709698                                     0.0
7    37    25.553864678361276                                     0.0
8    37    36.0                                     0.0
9    37    50.00999900019995                                     0.0
10    37    77.93587107359485                                     0.0
11    37    85.0881895447306                                     0.0
12    37    94.82615672903758                                     0.0
13    37    109.29318368498559                                     0.0
14    37    58.872744118140105                                     0.0
15    37    23.769728648009426                                     0.0
16    37    86.1278120005379                                     0.0
17    37    36.124783736376884                                     0.0
18    37    47.634021455258214                                     0.0
19    37    36.71511950137164                                     0.0
20    37    53.03772242470448                                     0.0
21    37    39.92492955535426                                     0.0
22    37    81.68843247363729                                     0.0
23    37    103.85566907973777                                     0.0
24    37    115.27792503337315                                     0.0
25    37    27.85677655436824                                     0.0
26    37    70.02856560004639                                     0.0
27    37    71.40028011149536                                     0.0
28    37    76.68767828015137                                     0.0
29    37    99.56907150315303                                     0.0
30    37    13.0                                     0.0
31    37    84.43340571124678                                     0.0
32    37    51.62363799656123                                     0.0
33    37    88.45903006477066                                     0.0
34    37    76.02631123499285                                     0.0
35    37    48.83646178829912                                     0.0
36    37    72.00694410957877                                     0.0
0    37    20.09975124224178                                     0.0
37    37    0.0                                     0.0
