0    2    33.1058907144937                                     0.0
2    2    0.0                                     0.0
3    2    89.28605714219886                                     0.0
4    2    69.85699678629192                                     0.0
5    2    101.13357503816425                                     0.0
6    2    36.71511950137164                                     0.0
7    2    71.02112361825881                                     0.0
8    2    48.82622246293481                                     0.0
9    2    101.13357503816425                                     0.0
10    2    54.037024344425184                                     0.0
11    2    42.190046219457976                                     0.0
12    2    18.110770276274835                                     0.0
13    2    57.723478758647246                                     0.0
14    2    46.17358552246078                                     0.0
15    2    64.28063471995279                                     0.0
16    2    83.23460818673925                                     0.0
17    2    24.08318915758459                                     0.0
18    2    45.69463863518345                                     0.0
19    2    37.73592452822641                                     0.0
20    2    78.23042886243178                                     0.0
21    2    47.70744176750625                                     0.0
22    2    31.622776601683793                                     0.0
23    2    33.1058907144937                                     0.0
24    2    78.02563681252464                                     0.0
25    2    24.08318915758459                                     0.0
26    2    26.0                                     0.0
27    2    42.5205832509386                                     0.0
28    2    28.844410203711913                                     0.0
29    2    58.034472514187634                                     0.0
30    2    52.839379254491625                                     0.0
31    2    46.51881339845203                                     0.0
32    2    68.96375859826666                                     0.0
33    2    36.76955262170047                                     0.0
34    2    48.41487374764082                                     0.0
35    2    70.45565981523414                                     0.0
36    2    94.25497334358543                                     0.0
2    0    33.1058907144937                                     0.0
3    0    72.24956747275377                                     0.0
4    0    70.9365914038728                                     0.0
5    0    106.15083607772479                                     0.0
6    0    21.633307652783937                                     0.0
7    0    70.0                                     0.0
8    0    17.204650534085253                                     0.0
9    0    78.91767862779544                                     0.0
10    0    48.82622246293481                                     0.0
11    0    10.0                                     0.0
12    0    28.284271247461902                                     0.0
13    0    60.8276253029822                                     0.0
14    0    76.6550715869472                                     0.0
15    0    55.46169849544819                                     0.0
16    0    56.92099788303083                                     0.0
17    0    13.416407864998739                                     0.0
18    0    72.11102550927978                                     0.0
19    0    62.289646009589745                                     0.0
20    0    88.81441324469807                                     0.0
21    0    26.30589287593181                                     0.0
22    0    56.142675390472796                                     0.0
23    0    60.0                                     0.0
24    0    69.85699678629192                                     0.0
25    0    46.17358552246078                                     0.0
26    0    32.31098884280702                                     0.0
27    0    14.142135623730951                                     0.0
28    0    47.07440918375928                                     0.0
29    0    54.405882034941776                                     0.0
30    0    76.94153624668537                                     0.0
31    0    72.24956747275377                                     0.0
32    0    78.81624198095213                                     0.0
33    0    64.0                                     0.0
34    0    69.85699678629192                                     0.0
35    0    60.166435825965294                                     0.0
36    0    76.02631123499285                                     0.0
2    3    89.28605714219886                                     0.0
0    3    72.24956747275377                                     0.0
3    3    0.0                                     0.0
4    3    43.86342439892262                                     0.0
5    3    66.27216610312357                                     0.0
6    3    54.3323108288245                                     0.0
7    3    39.395431207184416                                     0.0
8    3    60.166435825965294                                     0.0
9    3    18.973665961010276                                     0.0
10    3    38.8329756778952                                     0.0
11    3    65.11528238439882                                     0.0
12    3    71.47027354082255                                     0.0
13    3    48.41487374764082                                     0.0
14    3    107.81465577554843                                     0.0
15    3    28.42534080710379                                     0.0
16    3    30.0                                     0.0
17    3    84.0                                     0.0
18    3    94.76286192385707                                     0.0
19    3    86.55634003352961                                     0.0
20    3    68.96375859826666                                     0.0
21    3    46.04345773288535                                     0.0
22    3    84.40379138403677                                     0.0
23    3    90.0                                     0.0
24    3    23.40939982143925                                     0.0
25    3    78.89233169326408                                     0.0
26    3    64.62197768561404                                     0.0
27    3    58.54912467321779                                     0.0
28    3    73.78346698278686                                     0.0
29    3    38.2099463490856                                     0.0
30    3    92.19544457292888                                     0.0
31    3    93.33809511662427                                     0.0
32    3    63.56099432828282                                     0.0
33    3    92.45539465060976                                     0.0
34    3    83.54639429682169                                     0.0
35    3    22.627416997969522                                     0.0
36    3    5.656854249492381                                     0.0
2    4    69.85699678629192                                     0.0
3    4    43.86342439892262                                     0.0
0    4    70.9365914038728                                     0.0
4    4    0.0                                     0.0
5    4    35.38361202590826                                     0.0
6    4    49.51767361255979                                     0.0
7    4    4.47213595499958                                     0.0
8    4    68.81860213634101                                     0.0
9    4    62.76941930590086                                     0.0
10    4    22.80350850198276                                     0.0
11    4    69.42621983083913                                     0.0
12    4    53.14132102234569                                     0.0
13    4    12.165525060596439                                     0.0
14    4    70.68238818828917                                     0.0
15    4    22.360679774997898                                     0.0
16    4    64.0                                     0.0
17    4    77.17512552629896                                     0.0
18    4    56.356011214421486                                     0.0
19    4    50.59644256269407                                     0.0
20    4    26.076809620810597                                     0.0
21    4    50.47771785649585                                     0.0
22    4    50.99019513592785                                     0.0
23    4    55.78530272392541                                     0.0
24    4    20.591260281974                                     0.0
25    4    50.0                                     0.0
26    4    44.94441010848846                                     0.0
27    4    62.48199740725323                                     0.0
28    4    44.0                                     0.0
29    4    17.204650534085253                                     0.0
30    4    51.61395160225576                                     0.0
31    4    54.589376255824725                                     0.0
32    4    19.697715603592208                                     0.0
33    4    56.92099788303083                                     0.0
34    4    43.9089968002003                                     0.0
35    4    24.08318915758459                                     0.0
36    4    49.193495504995376                                     0.0
2    5    101.13357503816425                                     0.0
3    5    66.27216610312357                                     0.0
4    5    35.38361202590826                                     0.0
0    5    106.15083607772479                                     0.0
5    5    0.0                                     0.0
6    5    84.8528137423857                                     0.0
7    5    37.20215047547655                                     0.0
8    5    104.01922899156675                                     0.0
9    5    84.0                                     0.0
10    5    58.137767414994535                                     0.0
11    5    104.80458005259122                                     0.0
12    5    86.09297300012354                                     0.0
13    5    45.60701700396552                                     0.0
14    5    88.09086218218096                                     0.0
15    5    55.569775957799216                                     0.0
16    5    93.14504817756014                                     0.0
17    5    111.60645142642964                                     0.0
18    5    74.0                                     0.0
19    5    72.69112738154499                                     0.0
20    5    26.0                                     0.0
21    5    85.60373823613078                                     0.0
22    5    75.7099729229908                                     0.0
23    5    78.91767862779544                                     0.0
24    5    46.17358552246078                                     0.0
25    5    78.43468620451031                                     0.0
26    5    78.23042886243178                                     0.0
27    5    97.83659846908007                                     0.0
28    5    72.80109889280519                                     0.0
29    5    52.49761899362675                                     0.0
30    5    66.12110101926616                                     0.0
31    5    72.0                                     0.0
32    5    32.984845004941285                                     0.0
33    5    78.40918313565064                                     0.0
34    5    62.12889826803627                                     0.0
35    5    54.62600113499065                                     0.0
36    5    70.02856560004639                                     0.0
2    6    36.71511950137164                                     0.0
3    6    54.3323108288245                                     0.0
4    6    49.51767361255979                                     0.0
5    6    84.8528137423857                                     0.0
0    6    21.633307652783937                                     0.0
6    6    0.0                                     0.0
7    6    48.41487374764082                                     0.0
8    6    22.360679774997898                                     0.0
9    6    64.62197768561404                                     0.0
10    6    27.202941017470888                                     0.0
11    6    20.591260281974                                     0.0
12    6    21.2602916254693                                     0.0
13    6    40.0                                     0.0
14    6    69.85699678629192                                     0.0
15    6    34.17601498127012                                     0.0
16    6    46.861498055439924                                     0.0
17    6    30.59411708155671                                     0.0
18    6    61.61168720299745                                     0.0
19    6    51.419840528729765                                     0.0
20    6    68.96375859826666                                     0.0
21    6    11.313708498984761                                     0.0
22    6    46.17358552246078                                     0.0
23    6    51.264022471905186                                     0.0
24    6    48.703182647543684                                     0.0
25    6    36.76955262170047                                     0.0
26    6    18.973665961010276                                     0.0
27    6    14.560219778561036                                     0.0
28    6    34.92849839314596                                     0.0
29    6    32.802438933713454                                     0.0
30    6    64.28063471995279                                     0.0
31    6    61.18823416311342                                     0.0
32    6    59.0592922409336                                     0.0
33    6    55.02726596879042                                     0.0
34    6    56.0357029044876                                     0.0
35    6    39.293765408777                                     0.0
36    6    58.855755878248644                                     0.0
2    7    71.02112361825881                                     0.0
3    7    39.395431207184416                                     0.0
4    7    4.47213595499958                                     0.0
5    7    37.20215047547655                                     0.0
6    7    48.41487374764082                                     0.0
0    7    70.0                                     0.0
7    7    0.0                                     0.0
8    7    66.84309986827361                                     0.0
9    7    58.309518948453004                                     0.0
10    7    21.2602916254693                                     0.0
11    7    67.88225099390856                                     0.0
12    7    53.85164807134504                                     0.0
13    7    14.142135623730951                                     0.0
14    7    74.24284477308234                                     0.0
15    7    18.973665961010276                                     0.0
16    7    60.03332407921454                                     0.0
17    7    76.94153624668537                                     0.0
18    7    60.03332407921454                                     0.0
19    7    53.85164807134504                                     0.0
20    7    30.265491900843113                                     0.0
21    7    48.41487374764082                                     0.0
22    7    53.85164807134504                                     0.0
23    7    58.82176467941097                                     0.0
24    7    16.1245154965971                                     0.0
25    7    52.15361924162119                                     0.0
26    7    45.60701700396552                                     0.0
27    7    60.8276253029822                                     0.0
28    7    46.17358552246078                                     0.0
29    7    15.620499351813308                                     0.0
30    7    55.60575509783138                                     0.0
31    7    58.309518948453004                                     0.0
32    7    24.166091947189145                                     0.0
33    7    60.166435825965294                                     0.0
34    7    47.70744176750625                                     0.0
35    7    20.0                                     0.0
36    7    44.721359549995796                                     0.0
2    8    48.82622246293481                                     0.0
3    8    60.166435825965294                                     0.0
4    8    68.81860213634101                                     0.0
5    8    104.01922899156675                                     0.0
6    8    22.360679774997898                                     0.0
7    8    66.84309986827361                                     0.0
0    8    17.204650534085253                                     0.0
8    8    0.0                                     0.0
9    8    64.03124237432849                                     0.0
10    8    46.04345773288535                                     0.0
11    8    7.211102550927978                                     0.0
12    8    39.293765408777                                     0.0
13    8    60.8276253029822                                     0.0
14    8    89.28605714219886                                     0.0
15    8    49.51767361255979                                     0.0
16    8    40.792156108742276                                     0.0
17    8    30.528675044947494                                     0.0
18    8    82.60750571225353                                     0.0
19    8    72.44308110509934                                     0.0
20    8    90.37698822156003                                     0.0
21    8    18.439088914585774                                     0.0
22    8    66.75327707311455                                     0.0
23    8    71.386273190299                                     0.0
24    8    62.80127387243033                                     0.0
25    8    56.88585061331157                                     0.0
26    8    40.049968789001575                                     0.0
27    8    8.0                                     0.0
28    8    56.142675390472796                                     0.0
29    8    51.61395160225576                                     0.0
30    8    86.02325267042627                                     0.0
31    8    82.38931969618392                                     0.0
32    8    80.62257748298549                                     0.0
33    8    75.31268153505093                                     0.0
34    8    78.02563681252464                                     0.0
35    8    52.80151512977634                                     0.0
36    8    63.150613615387776                                     0.0
2    9    101.13357503816425                                     0.0
3    9    18.973665961010276                                     0.0
4    9    62.76941930590086                                     0.0
5    9    84.0                                     0.0
6    9    64.62197768561404                                     0.0
7    9    58.309518948453004                                     0.0
8    9    64.03124237432849                                     0.0
0    9    78.91767862779544                                     0.0
9    9    0.0                                     0.0
10    9    55.17245689653489                                     0.0
11    9    70.25667228100119                                     0.0
12    9    84.11896337925236                                     0.0
13    9    66.57326790837296                                     0.0
14    9    124.45079348883236                                     0.0
15    9    45.60701700396552                                     0.0
16    9    24.73863375370596                                     0.0
17    9    91.78235124467012                                     0.0
18    9    111.94641575325224                                     0.0
19    9    103.24727599312246                                     0.0
20    9    87.93179174792243                                     0.0
21    9    54.405882034941776                                     0.0
22    9    100.4987562112089                                     0.0
23    9    106.15083607772479                                     0.0
24    9    42.37924020083418                                     0.0
25    9    94.02127418834527                                     0.0
26    9    78.23042886243178                                     0.0
27    9    64.77653896280658                                     0.0
28    9    89.37561188601732                                     0.0
29    9    55.60575509783138                                     0.0
30    9    110.0                                     0.0
31    9    110.63453348751464                                     0.0
32    9    82.46211251235322                                     0.0
33    9    108.90362712049586                                     0.0
34    9    101.21264743103995                                     0.0
35    9    40.496913462633174                                     0.0
36    9    14.142135623730951                                     0.0
2    10    54.037024344425184                                     0.0
3    10    38.8329756778952                                     0.0
4    10    22.80350850198276                                     0.0
5    10    58.137767414994535                                     0.0
6    10    27.202941017470888                                     0.0
7    10    21.2602916254693                                     0.0
8    10    46.04345773288535                                     0.0
9    10    55.17245689653489                                     0.0
0    10    48.82622246293481                                     0.0
10    10    0.0                                     0.0
11    10    46.69047011971501                                     0.0
12    10    36.0                                     0.0
13    10    16.1245154965971                                     0.0
14    10    69.31089380465383                                     0.0
15    10    10.770329614269007                                     0.0
16    10    48.08326112068523                                     0.0
17    10    56.462376853972415                                     0.0
18    10    56.85068161420758                                     0.0
19    10    48.08326112068523                                     0.0
20    10    45.60701700396552                                     0.0
21    10    27.784887978899608                                     0.0
22    10    45.60701700396552                                     0.0
23    10    51.22499389946279                                     0.0
24    10    24.0                                     0.0
25    10    40.24922359499622                                     0.0
26    10    28.071337695236398                                     0.0
27    10    39.698866482558415                                     0.0
28    10    34.9857113690718                                     0.0
29    10    5.656854249492381                                     0.0
30    10    55.569775957799216                                     0.0
31    10    55.60575509783138                                     0.0
32    10    36.49657518178932                                     0.0
33    10    53.81449618829484                                     0.0
34    10    46.647615158762406                                     0.0
35    10    17.08800749063506                                     0.0
36    10    44.40720662234904                                     0.0
2    11    42.190046219457976                                     0.0
3    11    65.11528238439882                                     0.0
4    11    69.42621983083913                                     0.0
5    11    104.80458005259122                                     0.0
6    11    20.591260281974                                     0.0
7    11    67.88225099390856                                     0.0
8    11    7.211102550927978                                     0.0
9    11    70.25667228100119                                     0.0
10    11    46.69047011971501                                     0.0
0    11    10.0                                     0.0
11    11    0.0                                     0.0
12    11    34.23448553724738                                     0.0
13    11    60.4648658313239                                     0.0
14    11    83.95236744726142                                     0.0
15    11    51.61395160225576                                     0.0
16    11    47.53945729601885                                     0.0
17    11    23.323807579381203                                     0.0
18    11    78.10249675906654                                     0.0
19    11    68.0294054067798                                     0.0
20    11    89.55445270895244                                     0.0
21    11    20.591260281974                                     0.0
22    11    62.12889826803627                                     0.0
23    11    66.48308055437865                                     0.0
24    11    65.5133574166368                                     0.0
25    11    52.15361924162119                                     0.0
26    11    36.22154055254967                                     0.0
27    11    7.211102550927978                                     0.0
28    11    52.03844732503075                                     0.0
29    11    52.3450093132096                                     0.0
30    11    82.09750300709517                                     0.0
31    11    78.02563681252464                                     0.0
32    11    79.64923100695951                                     0.0
33    11    70.45565981523414                                     0.0
34    11    74.43117626371358                                     0.0
35    11    55.569775957799216                                     0.0
36    11    68.46897107449476                                     0.0
2    12    18.110770276274835                                     0.0
3    12    71.47027354082255                                     0.0
4    12    53.14132102234569                                     0.0
5    12    86.09297300012354                                     0.0
6    12    21.2602916254693                                     0.0
7    12    53.85164807134504                                     0.0
8    12    39.293765408777                                     0.0
9    12    84.11896337925236                                     0.0
10    12    36.0                                     0.0
11    12    34.23448553724738                                     0.0
0    12    28.284271247461902                                     0.0
12    12    0.0                                     0.0
13    12    41.23105625617661                                     0.0
14    12    50.0                                     0.0
15    12    46.17358552246078                                     0.0
16    12    67.94115100585212                                     0.0
17    12    27.202941017470888                                     0.0
18    12    44.0                                     0.0
19    12    34.058772731852805                                     0.0
20    12    65.11528238439882                                     0.0
21    12    32.55764119219941                                     0.0
22    12    28.0                                     0.0
23    12    32.2490309931942                                     0.0
24    12    60.0                                     0.0
25    12    18.0                                     0.0
26    12    8.246211251235321                                     0.0
27    12    31.622776601683793                                     0.0
28    12    18.973665961010276                                     0.0
29    12    40.19950248448356                                     0.0
30    12    48.662100242385755                                     0.0
31    12    44.04543109109048                                     0.0
32    12    55.31726674375732                                     0.0
33    12    36.22154055254967                                     0.0
34    12    41.7612260356422                                     0.0
35    12    52.3450093132096                                     0.0
36    12    76.55063683601855                                     0.0
2    13    57.723478758647246                                     0.0
3    13    48.41487374764082                                     0.0
4    13    12.165525060596439                                     0.0
5    13    45.60701700396552                                     0.0
6    13    40.0                                     0.0
7    13    14.142135623730951                                     0.0
8    13    60.8276253029822                                     0.0
9    13    66.57326790837296                                     0.0
10    13    16.1245154965971                                     0.0
11    13    60.4648658313239                                     0.0
12    13    41.23105625617661                                     0.0
0    13    60.8276253029822                                     0.0
13    13    0.0                                     0.0
14    13    61.05735008989499                                     0.0
15    13    21.540659228538015                                     0.0
16    13    63.150613615387776                                     0.0
17    13    66.03029607687671                                     0.0
18    13    47.20169488482379                                     0.0
19    13    40.24922359499622                                     0.0
20    13    29.732137494637012                                     0.0
21    13    43.08131845707603                                     0.0
22    13    39.84971769034255                                     0.0
23    13    44.94441010848846                                     0.0
24    13    27.202941017470888                                     0.0
25    13    38.05259518088089                                     0.0
26    13    33.1058907144937                                     0.0
27    13    53.85164807134504                                     0.0
28    13    32.0624390837628                                     0.0
29    13    12.165525060596439                                     0.0
30    13    43.86342439892262                                     0.0
31    13    45.60701700396552                                     0.0
32    13    20.396078054371138                                     0.0
33    13    46.51881339845203                                     0.0
34    13    35.38361202590826                                     0.0
35    13    26.076809620810597                                     0.0
36    13    54.037024344425184                                     0.0
2    14    46.17358552246078                                     0.0
3    14    107.81465577554843                                     0.0
4    14    70.68238818828917                                     0.0
5    14    88.09086218218096                                     0.0
6    14    69.85699678629192                                     0.0
7    14    74.24284477308234                                     0.0
8    14    89.28605714219886                                     0.0
9    14    124.45079348883236                                     0.0
10    14    69.31089380465383                                     0.0
11    14    83.95236744726142                                     0.0
12    14    50.0                                     0.0
13    14    61.05735008989499                                     0.0
0    14    76.6550715869472                                     0.0
14    14    0.0                                     0.0
15    14    79.39773296511683                                     0.0
16    14    113.718951806636                                     0.0
17    14    70.02856560004639                                     0.0
18    14    14.560219778561036                                     0.0
19    14    21.2602916254693                                     0.0
20    14    62.12889826803627                                     0.0
21    14    80.49844718999243                                     0.0
22    14    24.413111231467404                                     0.0
23    14    18.867962264113206                                     0.0
24    14    88.20430828479978                                     0.0
25    14    33.1058907144937                                     0.0
26    14    50.99019513592785                                     0.0
27    14    81.60882305241266                                     0.0
28    14    36.05551275463989                                     0.0
29    14    69.65629906907199                                     0.0
30    14    22.0                                     0.0
31    14    16.492422502470642                                     0.0
32    14    57.271284253105414                                     0.0
33    14    15.620499351813308                                     0.0
34    14    27.202941017470888                                     0.0
35    14    85.27602242131137                                     0.0
36    14    113.45483682946268                                     0.0
2    15    64.28063471995279                                     0.0
3    15    28.42534080710379                                     0.0
4    15    22.360679774997898                                     0.0
5    15    55.569775957799216                                     0.0
6    15    34.17601498127012                                     0.0
7    15    18.973665961010276                                     0.0
8    15    49.51767361255979                                     0.0
9    15    45.60701700396552                                     0.0
10    15    10.770329614269007                                     0.0
11    15    51.61395160225576                                     0.0
12    15    46.17358552246078                                     0.0
13    15    21.540659228538015                                     0.0
14    15    79.39773296511683                                     0.0
0    15    55.46169849544819                                     0.0
15    15    0.0                                     0.0
16    15    42.190046219457976                                     0.0
17    15    64.5600495662759                                     0.0
18    15    66.48308055437865                                     0.0
19    15    58.137767414994535                                     0.0
20    15    48.041648597857254                                     0.0
21    15    31.240998703626616                                     0.0
22    15    56.0357029044876                                     0.0
23    15    61.61168720299745                                     0.0
24    15    14.560219778561036                                     0.0
25    15    50.99019513592785                                     0.0
26    15    38.47076812334269                                     0.0
27    15    44.40720662234904                                     0.0
28    15    45.65084884205331                                     0.0
29    15    10.0                                     0.0
30    15    64.40496875241847                                     0.0
31    15    65.11528238439882                                     0.0
32    15    40.19950248448356                                     0.0
33    15    64.03124237432849                                     0.0
34    15    55.60575509783138                                     0.0
35    15    6.324555320336759                                     0.0
36    15    34.058772731852805                                     0.0
2    16    83.23460818673925                                     0.0
3    16    30.0                                     0.0
4    16    64.0                                     0.0
5    16    93.14504817756014                                     0.0
6    16    46.861498055439924                                     0.0
7    16    60.03332407921454                                     0.0
8    16    40.792156108742276                                     0.0
9    16    24.73863375370596                                     0.0
10    16    48.08326112068523                                     0.0
11    16    47.53945729601885                                     0.0
12    16    67.94115100585212                                     0.0
13    16    63.150613615387776                                     0.0
14    16    113.718951806636                                     0.0
15    16    42.190046219457976                                     0.0
0    16    56.92099788303083                                     0.0
16    16    0.0                                     0.0
17    16    70.22819946431775                                     0.0
18    16    102.95630140987001                                     0.0
19    16    93.29523031752481                                     0.0
20    16    90.0222194794152                                     0.0
21    16    35.608987629529715                                     0.0
22    16    89.30845424706443                                     0.0
23    16    94.86832980505137                                     0.0
24    16    47.07440918375928                                     0.0
25    16    81.21576201698781                                     0.0
26    16    63.7808748764079                                     0.0
27    16    43.08131845707603                                     0.0
28    16    77.6659513557904                                     0.0
29    16    50.99019513592785                                     0.0
30    16    102.95630140987001                                     0.0
31    16    102.0                                     0.0
32    16    82.38931969618392                                     0.0
33    16    98.18350166906862                                     0.0
34    16    94.02127418834527                                     0.0
35    16    40.049968789001575                                     0.0
36    16    29.732137494637012                                     0.0
2    17    24.08318915758459                                     0.0
3    17    84.0                                     0.0
4    17    77.17512552629896                                     0.0
5    17    111.60645142642964                                     0.0
6    17    30.59411708155671                                     0.0
7    17    76.94153624668537                                     0.0
8    17    30.528675044947494                                     0.0
9    17    91.78235124467012                                     0.0
10    17    56.462376853972415                                     0.0
11    17    23.323807579381203                                     0.0
12    17    27.202941017470888                                     0.0
13    17    66.03029607687671                                     0.0
14    17    70.02856560004639                                     0.0
15    17    64.5600495662759                                     0.0
16    17    70.22819946431775                                     0.0
0    17    13.416407864998739                                     0.0
17    17    0.0                                     0.0
18    17    67.91170738539859                                     0.0
19    17    58.82176467941097                                     0.0
20    17    91.93475947648963                                     0.0
21    17    38.05259518088089                                     0.0
22    17    52.49761899362675                                     0.0
23    17    55.31726674375732                                     0.0
24    17    79.12016177940993                                     0.0
25    17    43.08131845707603                                     0.0
26    17    33.94112549695428                                     0.0
27    17    27.202941017470888                                     0.0
28    17    45.65084884205331                                     0.0
29    17    61.741396161732524                                     0.0
30    17    74.0                                     0.0
31    17    68.41052550594829                                     0.0
32    17    82.02438661763951                                     0.0
33    17    59.22837157984339                                     0.0
34    17    68.0294054067798                                     0.0
35    17    69.85699678629192                                     0.0
36    17    88.09086218218096                                     0.0
2    18    45.69463863518345                                     0.0
3    18    94.76286192385707                                     0.0
4    18    56.356011214421486                                     0.0
5    18    74.0                                     0.0
6    18    61.61168720299745                                     0.0
7    18    60.03332407921454                                     0.0
8    18    82.60750571225353                                     0.0
9    18    111.94641575325224                                     0.0
10    18    56.85068161420758                                     0.0
11    18    78.10249675906654                                     0.0
12    18    44.0                                     0.0
13    18    47.20169488482379                                     0.0
14    18    14.560219778561036                                     0.0
15    18    66.48308055437865                                     0.0
16    18    102.95630140987001                                     0.0
17    18    67.91170738539859                                     0.0
0    18    72.11102550927978                                     0.0
18    18    0.0                                     0.0
19    18    10.198039027185569                                     0.0
20    18    48.0                                     0.0
21    18    71.47027354082255                                     0.0
22    18    16.0                                     0.0
23    18    12.649110640673518                                     0.0
24    18    74.4043009509531                                     0.0
25    18    26.0                                     0.0
26    18    42.7551166528639                                     0.0
27    18    74.67261881037788                                     0.0
28    18    26.68332812825267                                     0.0
29    18    56.568542494923804                                     0.0
30    18    8.94427190999916                                     0.0
31    18    2.0                                     0.0
32    18    42.7551166528639                                     0.0
33    18    8.94427190999916                                     0.0
34    18    12.649110640673518                                     0.0
35    18    72.13875518748573                                     0.0
36    18    100.41912168506553                                     0.0
2    19    37.73592452822641                                     0.0
3    19    86.55634003352961                                     0.0
4    19    50.59644256269407                                     0.0
5    19    72.69112738154499                                     0.0
6    19    51.419840528729765                                     0.0
7    19    53.85164807134504                                     0.0
8    19    72.44308110509934                                     0.0
9    19    103.24727599312246                                     0.0
10    19    48.08326112068523                                     0.0
11    19    68.0294054067798                                     0.0
12    19    34.058772731852805                                     0.0
13    19    40.24922359499622                                     0.0
14    19    21.2602916254693                                     0.0
15    19    58.137767414994535                                     0.0
16    19    93.29523031752481                                     0.0
17    19    58.82176467941097                                     0.0
18    19    10.198039027185569                                     0.0
0    19    62.289646009589745                                     0.0
19    19    0.0                                     0.0
20    19    47.07440918375928                                     0.0
21    19    61.35144660071187                                     0.0
22    19    6.324555320336759                                     0.0
23    19    6.324555320336759                                     0.0
24    19    67.23094525588644                                     0.0
25    19    16.1245154965971                                     0.0
26    19    32.55764119219941                                     0.0
27    19    64.4980619863884                                     0.0
28    19    16.492422502470642                                     0.0
29    19    48.41487374764082                                     0.0
30    19    15.231546211727817                                     0.0
31    19    10.0                                     0.0
32    19    40.049968789001575                                     0.0
33    19    6.324555320336759                                     0.0
34    19    11.661903789690601                                     0.0
35    19    64.03124237432849                                     0.0
36    19    92.19544457292888                                     0.0
2    20    78.23042886243178                                     0.0
3    20    68.96375859826666                                     0.0
4    20    26.076809620810597                                     0.0
5    20    26.0                                     0.0
6    20    68.96375859826666                                     0.0
7    20    30.265491900843113                                     0.0
8    20    90.37698822156003                                     0.0
9    20    87.93179174792243                                     0.0
10    20    45.60701700396552                                     0.0
11    20    89.55445270895244                                     0.0
12    20    65.11528238439882                                     0.0
13    20    29.732137494637012                                     0.0
14    20    62.12889826803627                                     0.0
15    20    48.041648597857254                                     0.0
16    20    90.0222194794152                                     0.0
17    20    91.93475947648963                                     0.0
18    20    48.0                                     0.0
19    20    47.07440918375928                                     0.0
0    20    88.81441324469807                                     0.0
20    20    0.0                                     0.0
21    20    72.80109889280519                                     0.0
22    20    50.59644256269407                                     0.0
23    20    53.36665625650534                                     0.0
24    20    45.60701700396552                                     0.0
25    20    54.589376255824725                                     0.0
26    20    58.0                                     0.0
27    20    83.18653737234169                                     0.0
28    20    49.39635614091387                                     0.0
29    20    40.792156108742276                                     0.0
30    20    40.19950248448356                                     0.0
31    20    46.0                                     0.0
32    20    10.0                                     0.0
33    20    52.61178575186362                                     0.0
34    20    36.22154055254967                                     0.0
35    20    50.15974481593781                                     0.0
36    20    74.0                                     0.0
2    21    47.70744176750625                                     0.0
3    21    46.04345773288535                                     0.0
4    21    50.47771785649585                                     0.0
5    21    85.60373823613078                                     0.0
6    21    11.313708498984761                                     0.0
7    21    48.41487374764082                                     0.0
8    21    18.439088914585774                                     0.0
9    21    54.405882034941776                                     0.0
10    21    27.784887978899608                                     0.0
11    21    20.591260281974                                     0.0
12    21    32.55764119219941                                     0.0
13    21    43.08131845707603                                     0.0
14    21    80.49844718999243                                     0.0
15    21    31.240998703626616                                     0.0
16    21    35.608987629529715                                     0.0
17    21    38.05259518088089                                     0.0
18    21    71.47027354082255                                     0.0
19    21    61.35144660071187                                     0.0
20    21    72.80109889280519                                     0.0
0    21    26.30589287593181                                     0.0
21    21    0.0                                     0.0
22    21    56.462376853972415                                     0.0
23    21    61.741396161732524                                     0.0
24    21    44.94441010848846                                     0.0
25    21    47.41307836451879                                     0.0
26    21    29.5296461204668                                     0.0
27    21    13.416407864998739                                     0.0
28    21    44.94441010848846                                     0.0
29    21    33.28663395418648                                     0.0
30    21    73.348483283569                                     0.0
31    21    70.8801805866774                                     0.0
32    21    63.245553203367585                                     0.0
33    21    65.39113089708727                                     0.0
34    21    64.77653896280658                                     0.0
35    21    34.9857113690718                                     0.0
36    21    50.039984012787215                                     0.0
2    22    31.622776601683793                                     0.0
3    22    84.40379138403677                                     0.0
4    22    50.99019513592785                                     0.0
5    22    75.7099729229908                                     0.0
6    22    46.17358552246078                                     0.0
7    22    53.85164807134504                                     0.0
8    22    66.75327707311455                                     0.0
9    22    100.4987562112089                                     0.0
10    22    45.60701700396552                                     0.0
11    22    62.12889826803627                                     0.0
12    22    28.0                                     0.0
13    22    39.84971769034255                                     0.0
14    22    24.413111231467404                                     0.0
15    22    56.0357029044876                                     0.0
16    22    89.30845424706443                                     0.0
17    22    52.49761899362675                                     0.0
18    22    16.0                                     0.0
19    22    6.324555320336759                                     0.0
20    22    50.59644256269407                                     0.0
21    22    56.462376853972415                                     0.0
0    22    56.142675390472796                                     0.0
22    22    0.0                                     0.0
23    22    5.656854249492381                                     0.0
24    22    66.2117814289874                                     0.0
25    22    10.0                                     0.0
26    22    27.202941017470888                                     0.0
27    22    58.855755878248644                                     0.0
28    22    11.661903789690601                                     0.0
29    22    46.647615158762406                                     0.0
30    22    21.540659228538015                                     0.0
31    22    16.1245154965971                                     0.0
32    22    42.7551166528639                                     0.0
33    22    8.94427190999916                                     0.0
34    22    16.97056274847714                                     0.0
35    22    62.12889826803627                                     0.0
36    22    90.0                                     0.0
2    23    33.1058907144937                                     0.0
3    23    90.0                                     0.0
4    23    55.78530272392541                                     0.0
5    23    78.91767862779544                                     0.0
6    23    51.264022471905186                                     0.0
7    23    58.82176467941097                                     0.0
8    23    71.386273190299                                     0.0
9    23    106.15083607772479                                     0.0
10    23    51.22499389946279                                     0.0
11    23    66.48308055437865                                     0.0
12    23    32.2490309931942                                     0.0
13    23    44.94441010848846                                     0.0
14    23    18.867962264113206                                     0.0
15    23    61.61168720299745                                     0.0
16    23    94.86832980505137                                     0.0
17    23    55.31726674375732                                     0.0
18    23    12.649110640673518                                     0.0
19    23    6.324555320336759                                     0.0
20    23    53.36665625650534                                     0.0
21    23    61.741396161732524                                     0.0
22    23    5.656854249492381                                     0.0
0    23    60.0                                     0.0
23    23    0.0                                     0.0
24    23    71.55417527999327                                     0.0
25    23    14.560219778561036                                     0.0
26    23    32.31098884280702                                     0.0
27    23    63.56099432828282                                     0.0
28    23    17.204650534085253                                     0.0
29    23    52.15361924162119                                     0.0
30    23    20.0                                     0.0
31    23    13.416407864998739                                     0.0
32    23    46.17358552246078                                     0.0
33    23    4.0                                     0.0
34    23    17.88854381999832                                     0.0
35    23    67.67569726275453                                     0.0
36    23    95.60334722173695                                     0.0
2    24    78.02563681252464                                     0.0
3    24    23.40939982143925                                     0.0
4    24    20.591260281974                                     0.0
5    24    46.17358552246078                                     0.0
6    24    48.703182647543684                                     0.0
7    24    16.1245154965971                                     0.0
8    24    62.80127387243033                                     0.0
9    24    42.37924020083418                                     0.0
10    24    24.0                                     0.0
11    24    65.5133574166368                                     0.0
12    24    60.0                                     0.0
13    24    27.202941017470888                                     0.0
14    24    88.20430828479978                                     0.0
15    24    14.560219778561036                                     0.0
16    24    47.07440918375928                                     0.0
17    24    79.12016177940993                                     0.0
18    24    74.4043009509531                                     0.0
19    24    67.23094525588644                                     0.0
20    24    45.60701700396552                                     0.0
21    24    44.94441010848846                                     0.0
22    24    66.2117814289874                                     0.0
23    24    71.55417527999327                                     0.0
0    24    69.85699678629192                                     0.0
24    24    0.0                                     0.0
25    24    62.6418390534633                                     0.0
26    24    52.03844732503075                                     0.0
27    24    58.309518948453004                                     0.0
28    24    56.92099788303083                                     0.0
29    24    20.396078054371138                                     0.0
30    24    70.76722405181653                                     0.0
31    24    72.80109889280519                                     0.0
32    24    40.24922359499622                                     0.0
33    24    73.43023900274328                                     0.0
34    24    62.48199740725323                                     0.0
35    24    10.0                                     0.0
36    24    28.635642126552707                                     0.0
2    25    24.08318915758459                                     0.0
3    25    78.89233169326408                                     0.0
4    25    50.0                                     0.0
5    25    78.43468620451031                                     0.0
6    25    36.76955262170047                                     0.0
7    25    52.15361924162119                                     0.0
8    25    56.88585061331157                                     0.0
9    25    94.02127418834527                                     0.0
10    25    40.24922359499622                                     0.0
11    25    52.15361924162119                                     0.0
12    25    18.0                                     0.0
13    25    38.05259518088089                                     0.0
14    25    33.1058907144937                                     0.0
15    25    50.99019513592785                                     0.0
16    25    81.21576201698781                                     0.0
17    25    43.08131845707603                                     0.0
18    25    26.0                                     0.0
19    25    16.1245154965971                                     0.0
20    25    54.589376255824725                                     0.0
21    25    47.41307836451879                                     0.0
22    25    10.0                                     0.0
23    25    14.560219778561036                                     0.0
24    25    62.6418390534633                                     0.0
0    25    46.17358552246078                                     0.0
25    25    0.0                                     0.0
26    25    17.88854381999832                                     0.0
27    25    49.03060268852505                                     0.0
28    25    6.0                                     0.0
29    25    42.37924020083418                                     0.0
30    25    31.04834939252005                                     0.0
31    25    26.076809620810597                                     0.0
32    25    45.69463863518345                                     0.0
33    25    18.439088914585774                                     0.0
34    25    25.059928172283335                                     0.0
35    25    57.271284253105414                                     0.0
36    25    84.38009243891595                                     0.0
2    26    26.0                                     0.0
3    26    64.62197768561404                                     0.0
4    26    44.94441010848846                                     0.0
5    26    78.23042886243178                                     0.0
6    26    18.973665961010276                                     0.0
7    26    45.60701700396552                                     0.0
8    26    40.049968789001575                                     0.0
9    26    78.23042886243178                                     0.0
10    26    28.071337695236398                                     0.0
11    26    36.22154055254967                                     0.0
12    26    8.246211251235321                                     0.0
13    26    33.1058907144937                                     0.0
14    26    50.99019513592785                                     0.0
15    26    38.47076812334269                                     0.0
16    26    63.7808748764079                                     0.0
17    26    33.94112549695428                                     0.0
18    26    42.7551166528639                                     0.0
19    26    32.55764119219941                                     0.0
20    26    58.0                                     0.0
21    26    29.5296461204668                                     0.0
22    26    27.202941017470888                                     0.0
23    26    32.31098884280702                                     0.0
24    26    52.03844732503075                                     0.0
25    26    17.88854381999832                                     0.0
0    26    32.31098884280702                                     0.0
26    26    0.0                                     0.0
27    26    32.0624390837628                                     0.0
28    26    16.1245154965971                                     0.0
29    26    32.0624390837628                                     0.0
30    26    46.0                                     0.0
31    26    42.42640687119285                                     0.0
32    26    48.08326112068523                                     0.0
33    26    36.05551275463989                                     0.0
34    26    38.2099463490856                                     0.0
35    26    44.721359549995796                                     0.0
36    26    69.85699678629192                                     0.0
2    27    42.5205832509386                                     0.0
3    27    58.54912467321779                                     0.0
4    27    62.48199740725323                                     0.0
5    27    97.83659846908007                                     0.0
6    27    14.560219778561036                                     0.0
7    27    60.8276253029822                                     0.0
8    27    8.0                                     0.0
9    27    64.77653896280658                                     0.0
10    27    39.698866482558415                                     0.0
11    27    7.211102550927978                                     0.0
12    27    31.622776601683793                                     0.0
13    27    53.85164807134504                                     0.0
14    27    81.60882305241266                                     0.0
15    27    44.40720662234904                                     0.0
16    27    43.08131845707603                                     0.0
17    27    27.202941017470888                                     0.0
18    27    74.67261881037788                                     0.0
19    27    64.4980619863884                                     0.0
20    27    83.18653737234169                                     0.0
21    27    13.416407864998739                                     0.0
22    27    58.855755878248644                                     0.0
23    27    63.56099432828282                                     0.0
24    27    58.309518948453004                                     0.0
25    27    49.03060268852505                                     0.0
26    27    32.0624390837628                                     0.0
0    27    14.142135623730951                                     0.0
27    27    0.0                                     0.0
28    27    48.16637831516918                                     0.0
29    27    45.34313619501854                                     0.0
30    27    78.02563681252464                                     0.0
31    27    74.43117626371358                                     0.0
32    27    73.348483283569                                     0.0
33    27    67.468511173732                                     0.0
34    27    70.02856560004639                                     0.0
35    27    48.373546489791295                                     0.0
36    27    62.12889826803627                                     0.0
2    28    28.844410203711913                                     0.0
3    28    73.78346698278686                                     0.0
4    28    44.0                                     0.0
5    28    72.80109889280519                                     0.0
6    28    34.92849839314596                                     0.0
7    28    46.17358552246078                                     0.0
8    28    56.142675390472796                                     0.0
9    28    89.37561188601732                                     0.0
10    28    34.9857113690718                                     0.0
11    28    52.03844732503075                                     0.0
12    28    18.973665961010276                                     0.0
13    28    32.0624390837628                                     0.0
14    28    36.05551275463989                                     0.0
15    28    45.65084884205331                                     0.0
16    28    77.6659513557904                                     0.0
17    28    45.65084884205331                                     0.0
18    28    26.68332812825267                                     0.0
19    28    16.492422502470642                                     0.0
20    28    49.39635614091387                                     0.0
21    28    44.94441010848846                                     0.0
22    28    11.661903789690601                                     0.0
23    28    17.204650534085253                                     0.0
24    28    56.92099788303083                                     0.0
25    28    6.0                                     0.0
26    28    16.1245154965971                                     0.0
27    28    48.16637831516918                                     0.0
0    28    47.07440918375928                                     0.0
28    28    0.0                                     0.0
29    28    36.76955262170047                                     0.0
30    28    30.066592756745816                                     0.0
31    28    26.30589287593181                                     0.0
32    28    40.24922359499622                                     0.0
33    28    20.591260281974                                     0.0
34    28    22.80350850198276                                     0.0
35    28    51.884487084291386                                     0.0
36    28    79.32212806020776                                     0.0
2    29    58.034472514187634                                     0.0
3    29    38.2099463490856                                     0.0
4    29    17.204650534085253                                     0.0
5    29    52.49761899362675                                     0.0
6    29    32.802438933713454                                     0.0
7    29    15.620499351813308                                     0.0
8    29    51.61395160225576                                     0.0
9    29    55.60575509783138                                     0.0
10    29    5.656854249492381                                     0.0
11    29    52.3450093132096                                     0.0
12    29    40.19950248448356                                     0.0
13    29    12.165525060596439                                     0.0
14    29    69.65629906907199                                     0.0
15    29    10.0                                     0.0
16    29    50.99019513592785                                     0.0
17    29    61.741396161732524                                     0.0
18    29    56.568542494923804                                     0.0
19    29    48.41487374764082                                     0.0
20    29    40.792156108742276                                     0.0
21    29    33.28663395418648                                     0.0
22    29    46.647615158762406                                     0.0
23    29    52.15361924162119                                     0.0
24    29    20.396078054371138                                     0.0
25    29    42.37924020083418                                     0.0
26    29    32.0624390837628                                     0.0
27    29    45.34313619501854                                     0.0
28    29    36.76955262170047                                     0.0
0    29    54.405882034941776                                     0.0
29    29    0.0                                     0.0
30    29    54.405882034941776                                     0.0
31    29    55.17245689653489                                     0.0
32    29    32.0624390837628                                     0.0
33    29    54.405882034941776                                     0.0
34    29    45.60701700396552                                     0.0
35    29    15.620499351813308                                     0.0
36    29    43.86342439892262                                     0.0
2    30    52.839379254491625                                     0.0
3    30    92.19544457292888                                     0.0
4    30    51.61395160225576                                     0.0
5    30    66.12110101926616                                     0.0
6    30    64.28063471995279                                     0.0
7    30    55.60575509783138                                     0.0
8    30    86.02325267042627                                     0.0
9    30    110.0                                     0.0
10    30    55.569775957799216                                     0.0
11    30    82.09750300709517                                     0.0
12    30    48.662100242385755                                     0.0
13    30    43.86342439892262                                     0.0
14    30    22.0                                     0.0
15    30    64.40496875241847                                     0.0
16    30    102.95630140987001                                     0.0
17    30    74.0                                     0.0
18    30    8.94427190999916                                     0.0
19    30    15.231546211727817                                     0.0
20    30    40.19950248448356                                     0.0
21    30    73.348483283569                                     0.0
22    30    21.540659228538015                                     0.0
23    30    20.0                                     0.0
24    30    70.76722405181653                                     0.0
25    30    31.04834939252005                                     0.0
26    30    46.0                                     0.0
27    30    78.02563681252464                                     0.0
28    30    30.066592756745816                                     0.0
29    30    54.405882034941776                                     0.0
0    30    76.94153624668537                                     0.0
30    30    0.0                                     0.0
31    30    7.211102550927978                                     0.0
32    30    36.05551275463989                                     0.0
33    30    16.97056274847714                                     0.0
34    30    8.94427190999916                                     0.0
35    30    69.65629906907199                                     0.0
36    30    97.83659846908007                                     0.0
2    31    46.51881339845203                                     0.0
3    31    93.33809511662427                                     0.0
4    31    54.589376255824725                                     0.0
5    31    72.0                                     0.0
6    31    61.18823416311342                                     0.0
7    31    58.309518948453004                                     0.0
8    31    82.38931969618392                                     0.0
9    31    110.63453348751464                                     0.0
10    31    55.60575509783138                                     0.0
11    31    78.02563681252464                                     0.0
12    31    44.04543109109048                                     0.0
13    31    45.60701700396552                                     0.0
14    31    16.492422502470642                                     0.0
15    31    65.11528238439882                                     0.0
16    31    102.0                                     0.0
17    31    68.41052550594829                                     0.0
18    31    2.0                                     0.0
19    31    10.0                                     0.0
20    31    46.0                                     0.0
21    31    70.8801805866774                                     0.0
22    31    16.1245154965971                                     0.0
23    31    13.416407864998739                                     0.0
24    31    72.80109889280519                                     0.0
25    31    26.076809620810597                                     0.0
26    31    42.42640687119285                                     0.0
27    31    74.43117626371358                                     0.0
28    31    26.30589287593181                                     0.0
29    31    55.17245689653489                                     0.0
30    31    7.211102550927978                                     0.0
0    31    72.24956747275377                                     0.0
31    31    0.0                                     0.0
32    31    40.792156108742276                                     0.0
33    31    10.0                                     0.0
34    31    10.770329614269007                                     0.0
35    31    70.71067811865476                                     0.0
36    31    98.99494936611666                                     0.0
2    32    68.96375859826666                                     0.0
3    32    63.56099432828282                                     0.0
4    32    19.697715603592208                                     0.0
5    32    32.984845004941285                                     0.0
6    32    59.0592922409336                                     0.0
7    32    24.166091947189145                                     0.0
8    32    80.62257748298549                                     0.0
9    32    82.46211251235322                                     0.0
10    32    36.49657518178932                                     0.0
11    32    79.64923100695951                                     0.0
12    32    55.31726674375732                                     0.0
13    32    20.396078054371138                                     0.0
14    32    57.271284253105414                                     0.0
15    32    40.19950248448356                                     0.0
16    32    82.38931969618392                                     0.0
17    32    82.02438661763951                                     0.0
18    32    42.7551166528639                                     0.0
19    32    40.049968789001575                                     0.0
20    32    10.0                                     0.0
21    32    63.245553203367585                                     0.0
22    32    42.7551166528639                                     0.0
23    32    46.17358552246078                                     0.0
24    32    40.24922359499622                                     0.0
25    32    45.69463863518345                                     0.0
26    32    48.08326112068523                                     0.0
27    32    73.348483283569                                     0.0
28    32    40.24922359499622                                     0.0
29    32    32.0624390837628                                     0.0
30    32    36.05551275463989                                     0.0
31    32    40.792156108742276                                     0.0
0    32    78.81624198095213                                     0.0
32    32    0.0                                     0.0
33    32    46.0                                     0.0
34    32    30.265491900843113                                     0.0
35    32    43.174066289845804                                     0.0
36    32    68.87670143089025                                     0.0
2    33    36.76955262170047                                     0.0
3    33    92.45539465060976                                     0.0
4    33    56.92099788303083                                     0.0
5    33    78.40918313565064                                     0.0
6    33    55.02726596879042                                     0.0
7    33    60.166435825965294                                     0.0
8    33    75.31268153505093                                     0.0
9    33    108.90362712049586                                     0.0
10    33    53.81449618829484                                     0.0
11    33    70.45565981523414                                     0.0
12    33    36.22154055254967                                     0.0
13    33    46.51881339845203                                     0.0
14    33    15.620499351813308                                     0.0
15    33    64.03124237432849                                     0.0
16    33    98.18350166906862                                     0.0
17    33    59.22837157984339                                     0.0
18    33    8.94427190999916                                     0.0
19    33    6.324555320336759                                     0.0
20    33    52.61178575186362                                     0.0
21    33    65.39113089708727                                     0.0
22    33    8.94427190999916                                     0.0
23    33    4.0                                     0.0
24    33    73.43023900274328                                     0.0
25    33    18.439088914585774                                     0.0
26    33    36.05551275463989                                     0.0
27    33    67.468511173732                                     0.0
28    33    20.591260281974                                     0.0
29    33    54.405882034941776                                     0.0
30    33    16.97056274847714                                     0.0
31    33    10.0                                     0.0
32    33    46.0                                     0.0
0    33    64.0                                     0.0
33    33    0.0                                     0.0
34    33    16.492422502470642                                     0.0
35    33    70.0                                     0.0
36    33    98.08159868191383                                     0.0
2    34    48.41487374764082                                     0.0
3    34    83.54639429682169                                     0.0
4    34    43.9089968002003                                     0.0
5    34    62.12889826803627                                     0.0
6    34    56.0357029044876                                     0.0
7    34    47.70744176750625                                     0.0
8    34    78.02563681252464                                     0.0
9    34    101.21264743103995                                     0.0
10    34    46.647615158762406                                     0.0
11    34    74.43117626371358                                     0.0
12    34    41.7612260356422                                     0.0
13    34    35.38361202590826                                     0.0
14    34    27.202941017470888                                     0.0
15    34    55.60575509783138                                     0.0
16    34    94.02127418834527                                     0.0
17    34    68.0294054067798                                     0.0
18    34    12.649110640673518                                     0.0
19    34    11.661903789690601                                     0.0
20    34    36.22154055254967                                     0.0
21    34    64.77653896280658                                     0.0
22    34    16.97056274847714                                     0.0
23    34    17.88854381999832                                     0.0
24    34    62.48199740725323                                     0.0
25    34    25.059928172283335                                     0.0
26    34    38.2099463490856                                     0.0
27    34    70.02856560004639                                     0.0
28    34    22.80350850198276                                     0.0
29    34    45.60701700396552                                     0.0
30    34    8.94427190999916                                     0.0
31    34    10.770329614269007                                     0.0
32    34    30.265491900843113                                     0.0
33    34    16.492422502470642                                     0.0
0    34    69.85699678629192                                     0.0
34    34    0.0                                     0.0
35    34    60.959002616512684                                     0.0
36    34    89.19641248391103                                     0.0
2    35    70.45565981523414                                     0.0
3    35    22.627416997969522                                     0.0
4    35    24.08318915758459                                     0.0
5    35    54.62600113499065                                     0.0
6    35    39.293765408777                                     0.0
7    35    20.0                                     0.0
8    35    52.80151512977634                                     0.0
9    35    40.496913462633174                                     0.0
10    35    17.08800749063506                                     0.0
11    35    55.569775957799216                                     0.0
12    35    52.3450093132096                                     0.0
13    35    26.076809620810597                                     0.0
14    35    85.27602242131137                                     0.0
15    35    6.324555320336759                                     0.0
16    35    40.049968789001575                                     0.0
17    35    69.85699678629192                                     0.0
18    35    72.13875518748573                                     0.0
19    35    64.03124237432849                                     0.0
20    35    50.15974481593781                                     0.0
21    35    34.9857113690718                                     0.0
22    35    62.12889826803627                                     0.0
23    35    67.67569726275453                                     0.0
24    35    10.0                                     0.0
25    35    57.271284253105414                                     0.0
26    35    44.721359549995796                                     0.0
27    35    48.373546489791295                                     0.0
28    35    51.884487084291386                                     0.0
29    35    15.620499351813308                                     0.0
30    35    69.65629906907199                                     0.0
31    35    70.71067811865476                                     0.0
32    35    43.174066289845804                                     0.0
33    35    70.0                                     0.0
34    35    60.959002616512684                                     0.0
0    35    60.166435825965294                                     0.0
35    35    0.0                                     0.0
36    35    28.284271247461902                                     0.0
2    36    94.25497334358543                                     0.0
3    36    5.656854249492381                                     0.0
4    36    49.193495504995376                                     0.0
5    36    70.02856560004639                                     0.0
6    36    58.855755878248644                                     0.0
7    36    44.721359549995796                                     0.0
8    36    63.150613615387776                                     0.0
9    36    14.142135623730951                                     0.0
10    36    44.40720662234904                                     0.0
11    36    68.46897107449476                                     0.0
12    36    76.55063683601855                                     0.0
13    36    54.037024344425184                                     0.0
14    36    113.45483682946268                                     0.0
15    36    34.058772731852805                                     0.0
16    36    29.732137494637012                                     0.0
17    36    88.09086218218096                                     0.0
18    36    100.41912168506553                                     0.0
19    36    92.19544457292888                                     0.0
20    36    74.0                                     0.0
21    36    50.039984012787215                                     0.0
22    36    90.0                                     0.0
23    36    95.60334722173695                                     0.0
24    36    28.635642126552707                                     0.0
25    36    84.38009243891595                                     0.0
26    36    69.85699678629192                                     0.0
27    36    62.12889826803627                                     0.0
28    36    79.32212806020776                                     0.0
29    36    43.86342439892262                                     0.0
30    36    97.83659846908007                                     0.0
31    36    98.99494936611666                                     0.0
32    36    68.87670143089025                                     0.0
33    36    98.08159868191383                                     0.0
34    36    89.19641248391103                                     0.0
35    36    28.284271247461902                                     0.0
0    36    76.02631123499285                                     0.0
36    36    0.0                                     0.0
